"Population","Latitude","Longitude","Median_house_value","Median_household_income","Mean_household_income"
5776,33.78304,-117.7684,698,102470,170993
2874,34.69427,-118.1759,217.3,73438,87656
5923,40.34659,-78.42287,128.6,48380,55650
4994,33.91997,-118.2726,310.9,43056,49375
5098,33.81495,-118.1235,547,88105,96763
6995,33.77929,-118.1458,437.4,54878,66287
3847,36.82969,-119.7216,325.2,73468,78191
2478,33.93446,-118.3223,420,58478,66556
4492,33.80711,-117.8565,360.3,55764,63894
6554,40.26159,-75.18148,462.4,127458,134941
8391,33.4866,-117.6757,422.6,71546,85347
2871,33.06173,-117.2503,658.9,116250,142997
1788,39.98859,-75.15376,25.1,22713,22131
540,37.7953,-122.2729,427.8,157202,166634
2979,32.94259,-117.144,706.1,145556,143428
3315,40.15969,-79.84461,97.7,36681,47403
3378,35.36507,-118.974,159.7,25041,30993
4085,39.89985,-76.89115,197.8,70287,73955
10413,33.83643,-117.9089,468.7,43468,51318
2449,40.51231,-80.09705,103.4,48938,57091
3378,33.99833,-118.4384,544.5,43426,55797
7219,35.77023,-119.2354,172.2,35486,58958
3436,34.04785,-117.7449,231.8,36616,45696
6037,34.07348,-117.4239,110.7,38800,48373
2805,34.105,-118.1839,393.7,53065,70548
6595,37.34135,-121.9867,486.9,94449,120686
4968,40.22271,-74.99597,443.8,114125,131336
4731,34.25905,-118.2929,409.8,62813,77563
2475,41.41463,-74.91695,232.3,54417,76043
4589,40.0752,-75.45836,297.5,92724,106945
3165,33.88715,-117.3742,466.9,102695,109857
2317,34.29884,-118.5085,625.4,118516,119847
3105,39.97205,-75.14077,200.4,28190,50958
5587,41.98376,-76.52182,92.5,35192,48247
4241,40.14964,-74.90471,295.3,65694,79299
3504,33.73549,-116.9512,145.3,44300,49665
4100,40.53767,-122.5339,294,53384,85575
7618,37.3104,-121.765,911.6,186536,193976
3198,41.94327,-78.58158,71.6,50568,79656
9116,40.07931,-77.49871,167.6,58696,64146
2640,34.15516,-118.7064,661.2,106304,122761
3554,33.88293,-118.1457,388.7,51200,53596
3788,34.1549,-118.1378,419.2,34394,45690
1408,34.27028,-116.8863,364,38810,56433
5684,39.97384,-75.12933,169.6,47326,56551
2461,39.04912,-121.6585,281.1,51204,67216
3537,34.44853,-118.3938,382.1,90500,94835
2720,40.84829,-75.29189,171.2,48238,53320
3873,34.0491,-118.3043,525.9,26024,34556
5319,36.88843,-119.9772,341.6,47128,72560
7613,35.36277,-119.1363,331.7,103371,111396
4352,37.68441,-122.1549,431.3,70625,84298
3172,33.9933,-118.4774,979.3,68117,91228
4632,33.87645,-118.3749,775.8,110324,122511
3080,40.05524,-75.17002,176.6,46081,50172
5845,33.74273,-117.8997,69.6,54010,62200
5500,40.83256,-75.71446,124.6,43671,51138
4792,40.32729,-80.12756,144.7,57000,70808
5099,37.75763,-121.9493,784.8,107252,130988
5647,33.85234,-118.1088,466.5,91029,93055
3996,34.06653,-117.7562,309.9,42314,55379
3471,32.72435,-116.9784,414,74049,89061
3665,37.34268,-121.8148,492.5,82813,100481
6569,33.97059,-118.237,299.7,42250,49563
3137,40.51257,-80.15972,85.9,37256,54209
5756,37.40107,-122.018,510.8,89228,108873
3627,33.88418,-117.8355,575.4,109330,116078
5998,32.65035,-116.9777,347.7,76971,78657
5809,33.88411,-118.153,269.9,40844,49664
6298,33.89169,-118.1125,360.1,60036,66967
3390,36.3092,-119.3025,200.2,63182,70348
2999,40.96791,-76.43802,116.4,44000,61293
4601,40.30457,-79.71598,185.1,85926,89965
7366,32.56436,-117.0504,305.4,33345,47055
4968,33.20067,-117.3595,373.9,41797,49826
3154,40.12318,-75.22813,592.2,106719,165670
4138,34.03939,-117.7354,300.6,55278,63221
4517,33.80489,-117.8399,481.5,77589,81070
5453,33.72229,-118.06,990.2,104078,157485
1257,40.243,-75.28122,188.8,51283,60254
6635,40.94421,-124.1126,285.1,35921,50753
6448,34.06337,-117.1482,274.4,85127,85516
1888,40.07483,-75.21089,561,86915,143673
3753,37.65023,-122.423,607.5,80060,80807
4350,37.78289,-122.4303,465.8,35641,61700
3606,34.52558,-117.2006,214.9,52782,57987
1724,37.80938,-122.2534,377.9,66761,76234
3854,33.94467,-118.2857,294.7,24891,35278
3846,40.51822,-78.38601,55.2,34116,39927
3613,41.85181,-79.31984,82.9,37101,47001
6424,34.20389,-119.1857,394,38494,57218
4065,33.78662,-118.1919,311.8,30900,36259
6243,34.18669,-118.1602,423.3,57617,67305
3985,37.28021,-121.8183,464.1,73698,78081
5297,39.65016,-121.8005,467.2,64615,94120
6700,33.76511,-116.9724,82.3,27697,33895
3794,40.64796,-75.59877,196.4,58576,72933
4580,33.64841,-117.5898,350.5,65403,83416
4770,40.50594,-79.62046,160.3,66433,71001
2524,40.57765,-79.7505,124.5,54814,71162
7762,33.81775,-118.2922,369.6,63214,78415
2161,33.80114,-118.1411,528.3,60341,75237
5124,33.9344,-118.3395,319,39243,51959
5746,40.74066,-75.31109,179.1,59881,63236
5426,33.92805,-118.4196,719.3,93333,110537
3697,36.82932,-119.6909,206.5,48226,55418
2627,41.24878,-80.42906,161.2,68906,86501
3291,33.82254,-118.3551,694.1,68750,84645
2385,40.33414,-79.82995,70.7,43224,50794
2016,40.96349,-76.16033,136.7,47656,57952
5499,33.74342,-117.8894,428.3,68625,91460
4380,37.90544,-122.0439,729.3,108438,129915
2710,40.48553,-77.05696,148.6,49894,63047
2461,34.08444,-118.3636,953.1,71550,83544
3032,40.45688,-80.05287,53.3,26144,34474
1913,38.1252,-121.3488,560.7,54018,118020
4843,39.95536,-76.51742,158.3,51791,61131
5316,37.93992,-122.3302,302.8,57784,67293
2828,34.0508,-118.1328,532.9,70298,85792
4769,37.34208,-121.8879,504.4,45323,56886
3791,39.86329,-76.18098,210,62742,70248
2819,40.1729,-75.05691,330.1,61026,77365
3861,33.90831,-118.1476,347.8,52273,59023
4834,33.85738,-117.7428,499.8,70648,92689
3614,33.34778,-117.2304,557,91220,119864
6269,37.76704,-122.424,683.9,55806,74469
4625,38.55079,-121.745,636.5,39598,62384
2428,34.08091,-118.1739,361,44944,59699
3323,37.76484,-122.1711,264.6,35781,48911
2303,41.63679,-75.40242,169.4,51632,63550
6022,33.18879,-117.264,375.6,43750,58563
5163,40.26118,-75.80923,171.8,62933,71848
3610,40.341,-75.99214,216,71875,82302
5393,33.81327,-118.0183,408,70606,76722
7347,40.43035,-75.39063,276.7,78203,91778
5355,33.0233,-117.2793,988.2,83883,125638
4686,34.07792,-117.7248,266.9,50702,57587
6493,39.82118,-77.1194,179.1,50731,59753
4725,40.09262,-75.09783,326.8,92298,134498
4657,37.68245,-121.9081,615.8,127270,135221
2541,37.77671,-122.4237,541.7,48704,61821
3974,41.72997,-77.38568,125.1,43239,54723
6369,36.75915,-119.8362,29.1,25956,35834
3886,40.02076,-79.58849,75.1,29221,37260
4814,33.58715,-117.6932,656.3,107308,143565
4486,33.76679,-118.0202,465.4,80202,79880
6178,34.04357,-117.3925,274.5,39384,54973
2866,33.236,-117.2377,439.8,78462,87582
4549,37.33803,-121.8638,437.4,43480,72691
3405,36.53347,-119.3844,195.4,63125,61834
4365,34.11547,-117.1802,290.4,85806,101459
6123,32.95012,-117.054,371.6,68024,75700
3877,33.83597,-118.1152,494.6,84318,90769
5539,38.54242,-121.3636,229.5,48173,57253
4122,38.53191,-121.4513,234.5,29122,38797
6989,35.63651,-120.693,398.3,36529,53859
2652,38.66488,-121.3312,203.6,24871,39289
3566,38.83912,-120.7467,311.6,57013,69970
2713,41.95909,-78.65442,48.9,33466,40473
7663,40.10356,-76.281,247.5,70136,83793
5852,37.97033,-122.5356,776.7,61037,85585
3322,39.87526,-75.31385,166.4,61354,72836
5658,40.47207,-80.13639,185.9,79357,89334
3454,33.77244,-118.2,276,45063,58946
4912,41.21436,-80.21615,99,44886,54927
4658,33.05251,-117.252,594.5,105368,114129
3103,38.57707,-121.4537,455.4,80417,99061
4015,40.37437,-79.9804,96.4,39315,48213
5791,34.12456,-117.309,139.3,30766,38631
2888,36.7249,-119.759,244,27146,36418
6211,40.78615,-124.1724,264.2,34602,62470
5091,34.20346,-119.156,328.8,43264,48071
1546,41.38009,-75.69442,128.7,44710,56331
5339,39.73721,-76.69512,257.6,73194,82184
4667,34.22374,-118.5934,256.1,42530,59443
2337,34.3817,-118.5139,249.6,80100,93947
3222,39.9698,-75.16993,303.9,48923,63545
4480,41.26023,-75.92849,103.4,40372,57528
2638,40.38693,-78.67408,69,34167,41691
2775,34.06806,-118.2666,483.3,39982,49404
5230,40.26516,-79.37694,136.7,49133,67096
2242,37.61984,-122.4286,277.8,72352,68276
3943,33.92714,-118.404,863.4,98177,115558
2375,40.00643,-75.07751,93.6,39500,42604
5484,41.27439,-76.98659,177.1,58371,71404
6796,39.98419,-75.84798,222.1,68263,80662
3486,36.84141,-119.8167,302.4,63026,83026
6153,40.35998,-79.97298,132.9,42612,54756
6237,39.21644,-121.0454,317,32276,53591
3170,36.65171,-119.5807,220.5,46125,57694
4559,41.77568,-77.01405,118,42903,52666
5828,34.10117,-117.7417,267.3,50640,61802
3158,36.81628,-119.8074,298,68036,103905
4265,40.5326,-80.02801,150.1,63598,77209
7444,33.70244,-117.8721,428.1,72992,80875
6433,34.12147,-118.0427,898.7,70335,98540
6880,40.00275,-75.7401,226.9,65903,81296
5079,40.81551,-79.12706,102.6,38958,49789
3964,39.89035,-75.2985,191.7,55494,66610
3615,38.01132,-122.0942,407.4,48350,64991
5540,33.85483,-118.132,446.3,83000,83341
5079,33.70064,-117.25,265.4,56867,64574
4887,34.13853,-117.9741,352.9,49291,57835
3375,34.04818,-118.4197,808.9,83397,126620
4700,40.01372,-75.07441,76.5,24552,35865
2465,41.42142,-79.71953,60.6,36214,44300
6926,40.26157,-76.96246,264.8,99615,125988
2184,39.81327,-79.02654,75.4,32473,42878
4920,34.15807,-118.4949,983.5,121029,183100
7369,37.69905,-122.1227,359.6,52330,66993
3306,34.61683,-120.4435,324.8,75429,97013
6643,33.84829,-117.7353,515.7,116413,141512
2523,33.99759,-117.8578,502,68796,88539
3897,40.19704,-76.72551,119.6,45809,55035
5027,34.26139,-119.1931,407.1,82607,91617
6017,37.75891,-121.2167,419.2,81548,95190
5072,40.00116,-75.60084,381.2,113942,140791
1806,37.67408,-121.3849,513.7,101250,117798
3826,34.87196,-120.4279,398.6,69340,83962
5461,33.93143,-117.328,375.1,88267,96871
5687,33.68525,-117.3879,266.7,82411,96768
5767,33.64753,-117.9195,424.7,43105,52797
3684,40.31862,-78.02366,107.7,48040,57734
5716,34.19461,-118.3267,472,52824,68209
2326,40.52707,-78.39677,62.5,20625,35628
2918,39.91779,-79.72097,63.4,28005,39674
4137,40.31524,-79.76138,166,65134,75668
2995,40.07094,-75.17598,204.2,57977,66309
4065,38.68188,-121.4254,321.7,53795,64213
3007,40.06178,-79.88767,80.3,31042,38697
11415,34.56844,-118.0202,245,66907,76329
4389,34.00614,-118.2511,387.6,30404,42033
7876,33.91025,-117.9849,516.4,81164,94355
10466,34.66363,-118.2481,262.3,78442,89309
5587,36.3005,-119.2051,130.8,34073,39949
2670,38.25568,-122.0417,193.3,39183,44695
3492,37.30766,-121.8044,466.7,90152,99798
3846,38.24939,-122.0253,244.3,64731,79803
6099,35.64428,-117.6834,201.5,61667,72721
4351,41.48819,-75.84244,151.7,51222,57021
5335,34.02946,-118.1862,331.2,40767,45932
3152,33.8837,-118.2103,244.7,49760,63481
7957,37.34268,-122.0375,757.1,82750,109447
3635,34.05867,-118.3247,732.2,71756,109792
3796,32.75197,-117.1126,240.8,26638,47338
7032,34.17182,-117.3324,187.7,54832,66897
5159,38.00364,-122.3073,362,63239,71234
3902,33.85487,-118.0671,649.4,98625,108448
5584,34.43607,-117.3493,173,49015,54622
3309,38.46301,-121.4382,163.8,44602,58185
6572,40.88527,-78.26068,77.5,37262,40942
4272,40.02552,-75.1537,70.5,25267,33152
3709,40.12548,-75.3498,153.8,43893,50531
2400,38.50986,-123.1386,594.3,68510,88907
2796,34.0443,-117.8544,594.9,70759,84270
4159,34.01593,-117.8968,399.4,71798,86491
5232,36.86522,-121.7378,393.8,55325,68692
5660,37.68369,-121.7486,466.8,83216,99505
2666,40.94122,-78.97475,77.2,29122,45009
4965,40.82894,-80.22895,131.8,51349,65066
4396,38.76466,-121.2376,532.3,89348,118087
3314,36.76874,-119.8251,150.5,38817,41031
4450,38.00876,-121.3606,315.1,53233,75425
3555,38.1099,-122.2501,244.1,36039,50128
4400,33.97149,-117.9012,465.1,77833,95086
5818,33.82701,-118.0768,294.2,41663,50878
5810,32.98692,-117.048,576,108730,120926
3943,34.02613,-117.3186,305.1,68446,77436
4846,34.14439,-117.6258,523.2,118839,121387
2274,34.02368,-118.206,361.3,45781,55110
3626,38.61202,-121.5188,341.9,54808,64099
2941,33.63667,-117.9164,840.6,68962,97572
833,40.01369,-75.05726,136.5,21667,29595
3778,40.55514,-76.80923,133.7,52308,60464
4482,37.81342,-122.2541,364.2,56303,73091
6495,34.44588,-119.7752,279.3,60427,77816
6093,37.96877,-122.3506,212.3,46415,51352
3116,42.13029,-80.07478,43.6,18113,23560
4359,33.95937,-118.0453,373.9,67924,70184
5538,38.48765,-121.4872,203.5,36196,42543
5073,37.2569,-121.8871,578.2,75526,87005
3633,37.86238,-122.2503,972.9,57875,105233
2402,40.10589,-79.59124,98,38451,52047
4828,33.82207,-117.7837,872.1,145875,190472
5237,33.86141,-117.9119,264.2,48523,55501
4535,34.56929,-118.0681,127.6,46208,52024
5207,37.46941,-122.2195,759.4,65750,86583
6216,37.67999,-121.0039,230,56557,74771
5382,37.67907,-122.1298,387,75309,79121
2464,39.9137,-79.28772,102.5,42650,53414
2922,34.09363,-118.294,656.3,28359,33853
3817,41.21667,-74.94734,174.8,62639,65580
6809,36.79263,-119.5863,415.1,96756,121829
2788,37.80079,-122.2707,369.9,17569,33976
4479,37.68099,-122.0652,436.9,52444,58380
3563,36.60335,-121.9273,644.2,68713,100067
4357,40.03139,-75.55097,351.5,88419,109628
4113,34.03035,-118.3669,412.7,41250,44237
2086,40.18232,-75.5397,180,61658,66937
2012,40.31813,-79.61267,98.4,53867,55031
8540,33.86881,-117.993,456.2,42472,65425
3519,40.31977,-79.98961,144.4,74451,81777
6212,34.10321,-117.8672,380.7,67061,73981
2499,36.23439,-119.4204,275,43804,62886
4431,37.40871,-121.879,567.6,78750,98090
3499,40.84289,-79.45731,84.7,44750,52265
2526,41.20058,-76.00685,65.9,26927,42061
4528,37.64378,-122.0801,364.8,47361,50333
4773,32.80863,-117.014,441.9,69299,79735
4990,40.3318,-76.4303,126.3,35163,47340
3951,34.08707,-118.04,400,63133,68307
2806,33.98452,-118.2288,290,34526,42137
2851,37.70973,-122.4153,465.9,44219,56286
3843,33.70982,-117.9005,487.3,85759,96850
6239,32.7978,-116.9419,30.7,31008,35472
2903,39.99028,-75.15838,43.5,17994,26009
5884,40.36371,-76.44422,164.6,68598,77562
2184,39.97729,-75.2659,134.4,37667,44027
5046,34.23942,-118.5114,740.3,109716,137271
4081,32.82638,-116.9288,284.7,44375,53505
4989,38.68181,-121.0647,516.2,133092,141433
6554,33.94888,-118.2392,273.1,35598,47373
3034,40.58788,-75.50873,194.7,54529,65995
3854,34.17295,-118.8901,609.7,88856,116465
4156,34.24092,-118.5489,547.7,67969,88547
2266,40.42575,-79.89417,120.7,56215,65872
5676,36.3576,-119.6509,270.7,69902,89208
3678,38.28727,-122.4556,801.4,85313,101328
2719,37.43334,-120.0283,277.7,49559,63748
4619,33.99216,-118.311,354.2,24575,38697
10169,41.03022,-75.2312,230.5,73223,84583
4206,37.84172,-122.2721,460.8,38646,56705
3005,33.79568,-117.9556,425.8,80417,92865
9450,33.72183,-117.8701,362.6,58517,67972
6230,33.87465,-117.5633,230.8,36059,44924
2047,38.57751,-121.4884,328.6,21028,54701
1987,37.73578,-120.9322,193.1,36333,51317
5630,38.00525,-121.3393,237,56329,64239
4289,34.01818,-117.982,401.6,62212,76076
2327,38.14351,-121.2633,175.5,47168,53729
2864,40.58499,-80.22465,61.7,30170,38036
4422,40.09582,-75.13071,230.5,67064,89459
5510,40.51771,-79.9792,143.7,78076,83568
2823,33.96237,-118.359,267.7,40487,44948
4494,33.18986,-117.3162,528,74426,85557
6676,33.99087,-117.7431,591.8,114363,137563
2850,40.29212,-76.51841,179.7,62609,72664
4469,39.14507,-123.2167,358.9,56815,68520
6188,32.78364,-117.1658,398.7,48295,56084
3729,38.70739,-122.8803,728.1,77017,102711
5922,38.44404,-121.3637,311.9,77102,88216
2743,38.42699,-121.8356,583.3,69075,81174
3158,40.64454,-76.37507,70.9,41890,48551
2940,40.17541,-75.47084,302,109071,153306
15296,35.30292,-119.101,230.7,72250,80915
6586,34.16793,-119.172,277.6,50706,58501
2373,33.63161,-117.6416,709.4,100078,134443
5559,37.6026,-121.0034,119.6,30305,37321
2947,39.95374,-75.21576,303.6,45910,57634
5445,34.04356,-117.9763,332,47454,64791
3323,34.08501,-118.1738,345.3,38203,44641
3342,37.55941,-122.3079,729.2,101493,116474
5946,33.60369,-117.1924,384.9,101250,129222
7564,37.71113,-122.4529,625,83750,94744
4479,38.90321,-121.3251,282.7,99571,97070
3626,37.44323,-120.7416,330.7,50684,71189
3030,33.62362,-114.5971,201.7,68183,92293
4810,40.337,-76.41944,88.2,28016,37243
5269,40.33471,-77.17069,153.6,58160,65463
5327,37.98602,-122.478,979.9,143750,179691
3031,40.93324,-75.27611,242.9,72128,87386
4742,40.56004,-80.04535,168.8,82179,91150
2463,40.60274,-75.4662,18.8,22250,30041
3442,42.11769,-80.1046,74.6,33938,43609
5288,40.04769,-76.42046,181.9,61296,71918
8755,37.44976,-122.4233,798.9,83583,123918
1991,37.81603,-122.2567,272.6,63199,71320
5012,40.51894,-75.77651,182.1,38627,56596
3062,40.37332,-76.30463,132.8,42966,51417
3754,37.99451,-121.3286,276.3,50458,56377
6521,37.55333,-122.2731,722.5,105139,121319
5665,33.57667,-117.7082,335.8,65596,86186
2953,37.65233,-121.0361,232.4,65912,65114
2989,40.56958,-76.69911,73.1,43457,53834
3635,36.79843,-119.7432,203.1,42558,55360
5274,34.01551,-117.6892,269.2,38980,48030
8072,38.05794,-121.267,278.5,57163,80273
3140,34.14144,-117.8528,626.9,110270,130393
3356,34.18995,-118.4704,584.6,71204,90060
3277,34.10952,-118.1619,791.9,99519,119097
4780,34.28576,-118.4164,314.7,46152,55418
3446,40.49542,-79.92719,68,32232,40042
6448,37.62127,-122.1038,453.1,92849,108787
3452,34.11854,-118.2417,377.1,42500,53596
3279,36.88516,-121.6745,548.5,71477,93603
2891,40.01291,-75.09064,77.3,25227,35604
6219,37.35435,-121.8116,419.5,60000,72195
8379,37.75381,-121.8963,847.8,189709,196928
5889,33.98351,-118.3852,393.9,71636,81338
2260,40.00203,-75.06789,120.9,43036,47700
4123,36.07106,-119.017,137.8,22328,37915
3768,40.64102,-75.41807,196.3,53191,60785
4505,37.01628,-121.5681,247,34038,53302
5269,37.94227,-121.2872,141.4,39345,46893
2032,40.67979,-76.21493,88,44744,56099
2610,39.83998,-75.39619,69.7,33209,45559
5576,39.90202,-76.85272,157.5,59071,65791
6880,33.73768,-117.8564,295.5,41055,50089
3220,40.53776,-124.2504,423.7,48534,79855
4260,34.00937,-117.8132,508.1,76354,89011
3985,33.84457,-117.8078,762.3,109302,154653
5252,33.95595,-118.4375,452.7,91544,95178
5565,34.55612,-117.2477,341.7,68083,84741
6670,36.9524,-121.7537,385.9,65391,78141
3947,39.93819,-75.29194,155.6,65072,67410
6682,35.37004,-118.9413,129.4,33814,43575
5178,33.98952,-117.8538,647.3,97841,113733
6592,37.99734,-121.7283,214.8,56458,68134
3712,33.91574,-117.5789,447.1,81944,90722
3838,33.96138,-118.4327,929.4,109821,186563
4095,40.96451,-76.88968,162.8,32662,58120
5374,41.18067,-76.05347,94.9,36083,44813
5743,33.13714,-117.0981,170.7,34653,44105
5251,37.65774,-121.883,873.5,77038,109770
1775,34.16812,-118.925,817.9,115395,155991
2942,39.98125,-75.81654,111.5,30987,41965
4176,34.10361,-117.7516,412,57208,63714
4244,39.91417,-75.16332,177.4,44313,57639
2228,34.1554,-118.0745,707.6,98125,117944
5826,34.1529,-117.5929,642.8,110409,126836
2122,32.84736,-116.5339,408.1,54825,69254
2798,34.50161,-118.6433,472,97885,125303
5129,33.9756,-117.231,312.6,90504,113480
2973,37.05738,-119.3633,314.1,63922,84403
8111,39.83723,-75.45628,268.2,72748,83756
1976,40.43931,-75.34006,170.7,42440,55920
3936,33.78595,-116.2594,275.7,97674,100939
1954,34.05829,-118.0639,25,35368,47585
7701,37.36369,-122.0213,807.6,88106,99048
3399,40.08129,-75.072,243.1,52841,62486
2053,33.88338,-117.5752,145.1,44418,46390
5563,37.39079,-121.8538,584,99947,110615
3008,40.27788,-76.8482,111,37993,51477
2155,40.29345,-79.54825,111.1,35039,46907
4299,40.05523,-75.01641,162.3,42853,55210
4319,35.40584,-119.0302,24,20319,26790
2784,34.09346,-118.3305,475,31875,40285
9109,36.71449,-119.7201,180.7,48829,56226
5546,37.93923,-121.244,143.4,37806,47121
6246,33.8113,-117.9636,432.1,56778,69257
2218,34.05669,-118.2527,407.3,53505,76806
6446,34.45953,-117.3342,187.8,49464,56362
4343,33.91334,-117.9405,552,81181,117739
6460,40.41486,-76.47418,157.7,57600,63361
5731,35.60822,-120.6694,403.4,54700,61462
4447,40.51175,-75.41448,304.2,97500,121283
6246,40.15136,-74.87126,260.9,80560,80923
4165,33.66513,-117.6853,603.6,115496,122972
3942,34.08427,-118.1262,460.4,46640,60617
3644,40.30725,-75.62343,294.5,88750,104737
3152,33.95411,-117.2313,217.6,56250,66097
3792,37.74109,-122.1622,271.4,44746,69077
5305,40.17349,-80.20013,187.4,67107,79963
3839,40.70205,-78.92738,89.7,41691,55991
2288,39.96619,-75.17585,339.7,62371,90742
2196,40.47089,-78.3893,107,49688,67635
3437,33.09351,-117.0658,506.6,70034,90749
6548,33.78108,-117.8519,595.4,58973,72544
7710,37.29847,-121.9549,438.5,52257,66145
13206,38.44603,-121.3894,275.9,69727,79378
3652,40.58662,-75.33921,188.2,52105,59739
3958,34.13285,-117.6465,595,115778,130043
4833,39.87419,-75.34133,164.9,55244,66603
3038,40.34687,-77.47621,158.8,46818,55975
4092,40.68966,-75.576,319.8,99880,101847
4463,38.07464,-120.5522,277,48643,57441
1265,40.00162,-75.15064,63.3,31620,31694
5327,37.95426,-122.3524,227.3,52392,58469
3908,34.19609,-118.8664,558.9,78021,110688
4441,41.30094,-75.25826,215.4,51087,74071
2968,39.75654,-79.10595,101.9,36646,46290
6161,33.57842,-117.7351,485.7,95840,109259
3000,34.14218,-118.4191,880.7,88375,141894
4694,37.74692,-121.4297,236,45269,54721
4016,37.8009,-121.2106,204.9,34846,42807
4089,34.413,-119.8657,351.5,19240,48612
9953,34.07209,-117.1633,313.9,64884,82557
3359,34.03274,-118.3129,542.3,21334,38558
4032,38.36798,-120.5244,238.7,40742,48033
1682,36.62215,-121.9145,774.3,49831,79497
5683,34.04763,-118.4716,917.7,95362,141285
4387,34.15197,-119.174,321.1,55875,65068
7075,34.56604,-118.0853,167.3,53091,64347
4564,33.28508,-117.1982,648.1,68611,111824
3308,33.95689,-117.4332,216.4,58415,66393
5646,33.93579,-118.35,381.8,32301,38673
6833,33.54665,-117.6662,432.6,57143,70155
4199,41.06578,-76.3866,144.8,53300,69916
3078,40.81032,-75.3379,243.7,71952,75918
5103,33.81724,-118.3366,802.2,81648,101077
3121,41.79476,-79.21144,98.7,51935,57850
3105,34.02515,-118.196,351.6,37306,49628
6142,33.49205,-117.0891,347.4,91080,103905
2230,34.27977,-118.5416,616,98102,124107
4186,32.6789,-117.0871,320.5,41632,46052
933,32.98291,-115.5061,220.8,58977,70377
2680,40.10783,-74.84375,220.8,55096,65000
3640,37.89153,-122.2603,912.6,134875,176674
3989,37.70124,-122.1335,419.9,70000,82716
4779,33.22398,-117.3588,408.8,89962,96980
3815,34.12539,-117.7981,534,98310,113657
3866,33.96099,-118.2217,321.9,37829,39161
6166,38.62522,-121.4413,163.9,28849,41621
5287,34.20555,-118.5783,370.6,36679,49271
8215,37.42499,-122.1598,772.7,33523,46601
2889,36.75389,-119.725,191.7,24654,39935
6847,33.80366,-117.8495,503,62727,74942
3240,39.87135,-79.70964,130.3,47869,60844
6154,33.64667,-117.7011,629.7,121711,140070
4336,40.08331,-79.75417,107.1,35489,49559
3524,34.16547,-118.384,569.9,50654,67981
2821,33.98102,-117.4376,170.5,58480,68529
4047,37.75315,-122.4808,715.5,60246,78467
2613,33.80753,-116.519,329.4,52788,68988
3802,40.77142,-75.44835,242.9,65515,72492
6115,40.13295,-76.4546,183.7,66250,71905
5551,33.76524,-117.9795,428.4,52983,64308
3403,40.41163,-79.98607,50.8,30625,35880
4933,33.18713,-117.2401,404.2,69097,81097
4614,33.75826,-117.0617,271,59623,64602
5394,41.10623,-77.52555,97.1,42927,52699
2878,34.02492,-118.4034,480.4,66938,89366
3761,38.69526,-121.331,187,65424,68677
3078,34.03721,-118.1995,358.2,38848,48678
2024,41.19328,-75.98835,92.6,39059,49414
4047,40.00369,-75.17316,52.7,18800,28147
2577,32.77106,-117.038,300,26006,43006
5572,33.94823,-118.1282,429.3,47688,57634
7355,35.29456,-120.6771,620.5,47401,67966
2541,41.53242,-80.46576,93.9,33295,46717
2645,34.19207,-118.3836,376.6,34521,43446
4065,33.78611,-118.2581,349.4,34030,46077
2771,38.03316,-121.8846,300.5,57500,73066
4404,40.49838,-79.36544,96.9,42382,53028
8286,33.73514,-117.8713,409.1,48364,59058
4104,40.6482,-77.08838,134.9,51278,58639
3709,33.79262,-117.8183,484.7,78942,81508
3852,37.80123,-122.4152,973.5,99531,122508
3822,40.61163,-75.47835,90.1,31028,33494
4874,37.27105,-121.9377,780.6,78503,104386
5799,40.89354,-76.39269,147.3,52716,59529
4381,37.77508,-122.2291,348.9,52917,59223
6223,37.7961,-121.9791,767.5,119918,145172
4744,37.31173,-121.8331,465.8,113274,113325
7624,37.95865,-121.7091,437.5,77985,90349
2503,32.7544,-117.2295,340.2,52610,66306
3833,33.8222,-118.2174,386.7,44115,56410
5881,34.1029,-117.9138,334,70260,74671
1781,39.81607,-77.02724,188.6,59474,66273
5089,34.69664,-118.1567,172.6,56643,64760
4296,39.75995,-77.57797,153.4,38750,46281
4543,33.77212,-118.1742,315.2,40408,51868
2548,37.95717,-122.3236,299.1,65417,73469
2582,40.1339,-75.29462,353.9,108813,128975
2190,40.59117,-77.56672,81.3,32059,41437
5688,40.30021,-80.04946,169.7,69674,87706
6117,34.54718,-118.0749,226.6,57500,74808
4181,39.14448,-123.1691,446.9,73594,84985
6143,34.25619,-118.3124,404.1,60149,69564
5349,40.40953,-79.81992,56.1,33444,44251
3631,40.94411,-75.6681,199.2,62729,72923
2898,33.94027,-118.2858,231.4,30671,33218
5792,40.17023,-75.43917,351.6,125614,129646
2875,32.7175,-117.1377,640.4,42123,58631
5906,40.86988,-124.082,397.8,25925,41694
7609,37.60108,-120.8655,227.8,48313,62902
2354,32.97385,-117.0958,585.2,40588,73597
4176,36.33484,-119.6714,242.8,72431,77458
4133,40.17919,-123.7763,346.7,30578,37886
3975,32.9074,-117.1207,116,59573,64235
4902,37.67461,-122.1021,321.8,47630,57673
7654,35.30195,-119.0471,156.4,48500,58447
2132,34.03759,-117.8674,934.2,151034,169943
3186,33.81406,-117.91,308.4,53563,58422
5007,40.43705,-76.41434,166.8,56339,70090
4647,38.67282,-121.3196,229.9,47405,58518
2306,40.44884,-79.9154,302.3,126458,150900
5021,37.18725,-119.7709,292.5,77214,89611
6096,40.29169,-80.08148,236.1,77739,105430
3384,37.75199,-122.4069,682.6,71182,85751
3702,40.074,-78.23854,87.4,35116,44451
4827,34.26825,-118.7298,425.7,74766,86270
5108,34.31981,-118.4773,458.6,77540,98694
3806,37.24536,-121.8807,554.6,44673,61879
718,40.41155,-79.97788,47.6,28843,34260
2819,40.01671,-75.15928,56.4,20693,30535
3742,40.17515,-77.19588,164.6,54333,65730
7904,36.56393,-119.6207,214.9,33957,43792
3616,33.85326,-118.121,446.3,79619,99519
2934,39.17701,-120.8546,336.9,67533,74980
6816,33.91952,-117.872,639.4,81893,104679
7115,40.0501,-75.09415,150.1,33737,49791
3943,36.92185,-121.8402,856.5,72350,97660
2311,40.38656,-79.88671,84.2,39575,43842
2699,33.86431,-118.1294,492.1,76724,85566
1792,40.35156,-79.89084,70.7,46324,49236
3965,34.03094,-118.3015,476,28941,42120
8053,34.21135,-118.239,586.1,72321,85412
1413,40.82138,-76.19816,47,29931,35883
4795,33.20002,-117.2471,194.5,35103,48073
3721,34.70004,-118.1227,140.4,35516,46580
6710,40.14588,-74.93195,270.2,80313,82976
4173,37.84721,-121.193,265.9,58611,71845
6550,40.50579,-79.49276,104.9,46316,57985
5023,37.31428,-120.4552,233.8,54821,71092
3002,36.08784,-119.5642,147.7,34049,42244
6547,33.91737,-118.1482,426.9,52637,60630
5979,34.10887,-116.4412,169.3,41482,53138
3462,40.10571,-75.07735,429.4,60691,102676
6616,33.86841,-118.1699,368.6,53316,61661
3812,34.13476,-118.193,514,69429,83411
734,41.39307,-75.24445,330.2,54519,64108
5751,37.34316,-121.9437,640.4,59149,70760
4429,37.38285,-121.8766,594.3,116830,131714
2624,40.09088,-75.1427,353.8,109398,127088
3498,33.68353,-117.9628,481.2,70509,83618
6850,33.57004,-117.2264,366.3,98053,101827
7902,38.55612,-121.7228,441.9,61646,77456
4453,40.36381,-79.86621,74,43053,49970
3114,40.12236,-75.15387,239,84964,82819
3544,37.72628,-122.4265,595.4,65921,83298
8515,33.72213,-116.2833,339.8,88750,97661
6626,33.87348,-117.9518,443.3,71389,86994
7478,35.34115,-118.9442,172.8,36529,47177
6605,33.98577,-118.3738,830.6,102675,130940
3599,33.74382,-117.826,361.3,62031,64857
5589,32.8002,-117.1212,482.2,83808,91258
3995,34.57635,-118.0765,86.1,36743,44168
4234,33.66374,-117.2357,267.7,65429,73705
7330,39.96821,-76.80366,181,73024,81473
7249,38.25208,-122.6197,418.8,57995,73056
5301,34.40463,-118.4789,297.2,40179,61001
4905,33.80107,-118.0629,398.7,70417,74087
4063,40.64648,-78.78836,80.8,50750,57776
4453,37.86371,-122.4971,808.7,84173,125919
6591,33.65698,-117.909,349.8,56653,62953
3246,40.62732,-75.41005,191,60833,71181
3897,40.40579,-79.74791,175.2,84615,93897
3964,37.86604,-122.2859,587,48956,63703
3870,34.23409,-119.0208,478.2,103209,107948
3914,39.99648,-75.12912,45.8,18741,23276
3922,34.10867,-118.1885,244,49212,60051
7377,34.40085,-118.5978,650.9,128271,166786
6992,33.92775,-118.3574,477,43014,55524
4365,38.87749,-121.3093,325.8,94188,105033
4374,41.13563,-77.41399,94.8,40694,48669
6879,33.76686,-117.8297,635.4,74401,95551
4232,40.75199,-75.61106,143.6,39688,54457
2626,37.29039,-121.9145,926,110709,174001
5558,41.05964,-76.90674,122.2,47016,52485
3896,40.60152,-122.4058,303.7,53816,67800
4086,34.07103,-118.2021,348,23605,39549
3151,40.60761,-75.47195,83.8,23578,29896
4410,39.7601,-121.86,201.5,36966,43277
2971,40.40072,-80.06843,147.8,57292,69112
4922,38.57908,-121.533,210.7,50431,52324
4916,37.32222,-121.8848,400.7,44009,57060
3303,33.64037,-117.8114,942.1,114732,169581
5455,40.26604,-80.10492,323.2,117650,145840
5129,38.4905,-121.5334,340.6,58346,74777
6039,34.16542,-118.1055,644.7,88976,107974
3152,32.96119,-117.0096,490.7,115000,130729
515,34.45514,-118.4254,87.7,34817,49862
2788,34.25918,-118.766,398.8,79957,91566
4175,33.67457,-117.8269,679.5,104231,114036
2762,33.7333,-116.3912,328.9,31886,55581
4584,33.95544,-117.3903,299.4,52539,66004
9741,37.40011,-121.9601,593.2,112197,121343
1456,41.21439,-75.90294,89,43382,53544
3672,34.26028,-118.4194,365.9,39250,48828
4355,42.11663,-80.05273,74.5,43192,47851
2928,37.76734,-122.2485,456.6,53565,65666
4465,40.03663,-75.08345,125.9,26990,38045
5650,33.00253,-116.793,408.1,83077,95490
1720,38.682,-123.4193,846.1,57148,86979
5758,33.77495,-118.3859,921,92796,114554
3944,40.39865,-79.98503,65.5,30391,38073
4430,36.69071,-121.6167,304.3,42194,46210
2046,37.71562,-122.0942,618.9,113333,135521
4787,33.85269,-118.0912,605,99038,105865
4349,37.70671,-121.8857,567,108125,113588
4908,37.7197,-122.429,606.2,65055,74974
2047,36.60694,-119.4532,207.8,72750,73922
2757,38.1596,-121.147,260.7,44375,54120
4006,34.24634,-118.5744,458.7,78015,85410
4795,34.01389,-118.0748,466.3,71833,79158
2641,37.73661,-120.9489,202.2,44821,65802
3330,40.32117,-75.94553,107.2,17969,26456
2530,37.79837,-122.2545,528.8,20787,34790
4767,34.1747,-118.5116,535.1,68825,80252
3670,33.91229,-117.2219,201.2,53352,55771
2974,37.9917,-121.3393,330,44198,63955
2430,34.03785,-118.3324,660.2,37500,63485
4239,40.44923,-79.86269,67.4,28148,41574
6160,40.02976,-75.11739,102.9,29521,39359
7874,40.92957,-75.49627,196.6,63787,67832
2527,37.28772,-121.9274,897.6,86641,134932
3543,40.09733,-74.98055,189.9,66215,65661
5464,33.19338,-117.2245,528.8,54649,81138
5172,37.34463,-122.0273,925.1,124417,142343
3261,40.68105,-75.61363,250.6,72371,88787
6959,37.30037,-121.99,834.2,116944,139484
4261,33.96605,-118.2748,248.9,25464,36498
3982,34.18335,-118.453,162.5,32013,37733
4212,38.70565,-121.4363,248.5,56250,75465
2568,40.45456,-80.06373,65.6,36250,46626
1516,41.89048,-80.36293,90.3,44324,50184
2975,34.2615,-118.4646,369.5,76683,85247
6772,33.83662,-117.8528,462.5,84019,93603
3613,33.85462,-118.0548,688.4,100288,123143
3794,40.03452,-76.29106,79.1,22097,30920
4641,37.31822,-121.9093,442.9,53558,70234
5303,37.97412,-121.309,281.4,63730,73647
4577,34.20373,-119.1725,268.2,25613,41683
1743,33.97819,-118.2181,335,31875,40810
6045,40.03271,-75.05876,152.6,41788,56160
2234,40.17356,-80.23517,195,73506,93414
4521,40.20902,-76.12418,171.5,55521,63960
4345,32.9166,-117.1354,333.7,67629,80354
5284,33.91867,-117.4233,230.2,54046,64032
2397,39.81984,-75.41522,87.5,39554,48107
3973,33.87756,-118.1569,366,43056,47179
6612,40.20817,-75.42065,364.4,106579,129480
5170,40.66009,-75.49473,202.5,55688,66374
4888,33.89673,-117.2387,183.5,33483,44528
8153,40.42146,-76.20649,211.1,60614,69672
6727,33.94756,-117.2788,283.1,62091,79912
3140,34.0342,-118.2812,447.6,25179,38882
6187,37.29408,-121.8914,844,123766,163982
4694,32.96943,-117.1201,606,116125,126019
5745,40.38284,-79.90488,88.5,46273,55728
3900,40.15568,-74.88279,321.6,80463,94143
4476,34.0239,-117.608,274.3,56711,66132
4140,33.86082,-117.9459,444,50970,65022
3025,40.1199,-78.94763,83.7,40417,45699
5167,33.77901,-118.1971,341.2,32109,43110
4959,36.75723,-119.7813,121.6,19705,28049
3548,36.44136,-119.7088,195,45478,58469
3570,39.976,-75.898,226.8,72141,85205
4559,33.95187,-117.4237,182.9,41250,48804
5201,33.96725,-118.2075,377.2,50075,64004
4107,33.92663,-117.192,255.1,68547,77839
7021,34.14005,-117.9548,379,65631,75988
4650,35.32538,-120.8335,434.6,62500,70681
4760,39.80276,-78.18333,179.7,53021,59594
3197,40.60419,-80.21785,98.1,55417,63083
1833,40.45601,-80.0103,147.3,31792,76533
7249,34.15419,-118.3429,534.3,75404,86630
6773,32.67402,-117.0964,354,32606,43172
4762,36.83038,-119.7919,86.5,40255,49762
3196,33.7517,-118.0206,579.7,77457,94795
2897,34.45195,-118.4823,531,130481,160920
5669,41.4343,-78.57143,104.3,41655,55980
2621,40.57074,-79.71274,121.3,49886,61603
6158,38.30443,-122.4886,542.2,55495,75864
3802,33.78063,-118.1576,234.6,36830,41615
2463,35.38016,-118.9248,141.8,44942,49250
7606,33.56916,-117.1922,321,73272,83492
6193,32.78506,-117.0103,419.7,54299,65700
2339,41.47629,-77.11354,123.9,40833,51993
5459,40.32383,-75.96942,268.7,89286,148506
2032,40.99276,-80.33805,32.6,21809,27509
9083,37.77404,-122.3943,641.1,111858,129559
4600,34.10301,-117.6391,263.2,49574,61479
4219,37.59138,-122.0489,356.5,58462,80089
4369,34.10741,-118.1984,371.7,35486,46498
4610,34.10217,-117.7088,812.5,57375,86504
5698,34.16455,-117.3515,245.7,56985,57970
4598,41.80132,-80.0233,94.1,42679,49799
4687,33.88991,-117.9038,703.3,112679,149925
2796,40.42801,-80.01013,81.4,40536,58347
1914,33.95773,-118.3344,375.6,65677,81793
5715,33.60612,-117.643,628.7,98235,117633
4694,39.74316,-121.8396,293,37625,52290
3766,37.38527,-122.0245,631.4,72016,88080
6399,40.06491,-75.03239,208.4,51750,58623
2265,33.7468,-116.9243,224.6,61589,68223
3475,33.72495,-118.2913,444.9,45618,69905
5190,39.88122,-76.30788,181.4,61703,69574
4051,35.67947,-119.2225,87.7,26000,30917
4287,34.01431,-117.4028,287.5,46301,54005
2542,39.9618,-75.14442,325.5,77060,98238
4278,34.09027,-117.3343,152.6,34215,42660
2584,32.79974,-117.2532,548.5,56223,65564
6252,37.69127,-122.4788,580.2,66786,80530
4405,40.35224,-75.91767,60.1,32326,38122
4178,33.79257,-118.3038,422,43523,51867
5865,34.45344,-119.2176,662.5,57689,89740
6256,32.70688,-117.0433,326.6,54837,63678
2397,34.25653,-118.4027,227.1,41848,47425
5321,34.25494,-117.2197,358,53105,105389
6474,37.77719,-122.4675,871.2,63539,103712
5278,41.15219,-74.97659,167.9,57561,58701
4699,40.9615,-76.61293,93.3,37238,44818
3358,32.69155,-117.0559,375.6,80208,84324
3973,34.08703,-117.9791,337.6,67857,75371
4499,40.96762,-75.98015,94.8,33474,52545
4241,32.70334,-117.1273,234.4,25144,33719
6131,38.40691,-122.8374,563.5,54969,79310
6055,39.15042,-122.1571,196.5,49956,60462
6881,33.89185,-118.0929,356.3,54266,66994
5365,40.17795,-75.15294,249.7,84244,94001
5065,38.29141,-122.0292,392.1,60049,69715
3324,38.42831,-122.5914,603.9,62188,90692
4208,32.74523,-117.1746,652.1,72115,105367
3514,40.00274,-75.29073,280.5,54821,71450
3299,34.1964,-118.508,498.8,70598,81236
6079,41.31882,-74.88923,253.9,73948,82410
5502,38.43403,-122.7396,255.7,46162,53459
4838,40.13624,-74.9381,325.6,76486,95413
4537,39.93326,-77.65142,162.1,38040,52187
4268,39.9609,-75.61299,263.6,52068,62081
8042,37.25858,-121.9428,653.6,94191,108544
7447,40.00317,-76.26036,260,68208,83264
5965,40.56474,-79.95481,203.5,80938,111886
2645,34.07437,-118.2986,547.9,31551,62232
5113,40.58936,-76.2214,165.4,55963,74085
4306,40.0125,-79.58049,77.3,36619,45780
2127,39.95207,-76.71712,106.3,44113,56420
2219,40.88347,-80.35819,90.2,38281,48688
4485,37.91018,-122.312,431.3,52228,72360
6010,34.37244,-118.5521,431.3,73577,96732
5365,39.92602,-75.32703,279.8,93269,97064
2625,37.39033,-122.0811,897.9,126136,155198
9221,41.03105,-75.97075,167.3,61145,72671
5050,34.20407,-118.384,404.4,35208,49589
6819,33.72104,-117.8903,380.4,67457,74170
3896,34.28141,-118.8673,696.5,118750,131778
4281,37.40234,-122.0632,580.5,87391,116152
5013,33.94061,-117.9409,582.3,58373,73893
5653,36.73244,-119.7507,97.7,27341,33634
6996,33.56072,-117.7302,597.3,116191,129212
4803,34.08194,-118.1835,340,41964,56897
2722,32.75986,-117.1501,719.6,62083,84795
2308,37.88654,-122.2952,639.2,65726,89174
3594,41.86973,-79.18476,81.7,45729,65088
4372,39.8158,-76.9797,194.8,54198,80010
2572,37.22928,-120.259,168.8,43194,69354
3225,37.68806,-122.0662,418.9,54926,74465
6740,37.33089,-122.0232,882.1,121864,139100
3180,34.24072,-118.4478,210.7,38152,52125
4161,40.5519,-76.93336,135.8,56542,72834
4829,37.53739,-122.2889,685.5,84205,102356
5009,40.04413,-76.69621,183.7,67639,76736
5674,33.7279,-117.8599,369.5,46929,62269
5641,34.22537,-118.464,340.6,43571,61573
5474,35.08381,-118.5762,280.3,63685,87128
5725,41.15949,-78.71128,156.4,60568,73169
3512,40.07504,-75.305,245.4,69836,82882
2392,40.43674,-79.95326,116.6,19336,27532
4180,39.98137,-75.3015,312.2,90870,102699
5418,37.2551,-121.8252,355,67781,79106
4259,33.97863,-118.2844,372,22865,36316
3601,40.35486,-80.07117,216.8,96544,139297
2913,34.11088,-117.7774,353.8,52000,67340
4573,32.7477,-117.1156,268.1,39620,46573
2600,37.3286,-121.8965,520,49183,75380
1992,37.89917,-122.2663,884.5,168750,200929
3786,34.26556,-116.4137,123.6,25978,45557
2332,32.96811,-117.1336,606.1,145694,145428
4319,38.34862,-122.7866,693.8,80225,98730
3927,40.41798,-79.84463,92.7,50027,61635
5052,38.51837,-121.4336,124,31810,43333
5738,32.69722,-117.089,313.9,25263,45090
3421,34.06806,-118.007,361.4,56182,64250
6513,34.07842,-117.1844,223.7,57985,64293
8371,33.78258,-117.8678,372.9,68114,78029
5557,34.65759,-118.2107,277.8,59375,70913
5520,36.58137,-119.6033,220.6,55425,69831
3314,37.14599,-121.6585,506.4,83750,98935
6624,40.73159,-75.6311,216.2,67567,69446
4769,34.19801,-118.444,442.3,29909,47113
3404,33.77671,-117.8204,640.7,99861,116303
2898,37.8948,-122.2976,661,73665,84058
4000,37.56312,-121.0427,409.4,39866,68320
2524,39.89292,-79.74321,93.5,34665,44094
1984,38.13967,-121.6244,207.2,41833,51490
3690,33.73732,-118.0113,639.4,93438,99599
4004,38.26544,-122.6399,488.8,100641,104517
4325,33.9712,-118.2531,296.3,41000,48806
3679,41.38636,-79.71901,87.5,46509,50320
1681,41.21303,-77.06728,122.2,42096,58524
4191,38.02405,-121.3141,187.3,36760,44150
6755,37.64265,-122.112,403.8,60631,72857
5011,33.46446,-117.1265,320.1,65131,72160
6962,33.88551,-118.1982,247.2,47331,55899
3684,38.36355,-122.8676,788.5,79375,98766
2092,39.93767,-75.1838,88,17792,33975
2629,38.53355,-121.4889,263.5,51700,62109
3554,40.94259,-75.96468,131.8,54917,62438
6916,37.71476,-122.0645,637.4,100577,116303
3484,39.90576,-79.72535,83.9,24103,49861
4228,39.89399,-76.64372,193.6,70742,88443
3869,37.76334,-120.8078,539.3,79519,104179
3482,34.07734,-118.0597,472.2,65435,75877
5547,33.75825,-118.1379,771.5,51010,80975
5178,34.17831,-117.3191,228.4,46154,58739
4351,40.67933,-75.48122,181.5,65605,77989
2392,37.22677,-119.8357,282.9,54732,67713
2630,37.8235,-122.2805,353.7,27183,47209
2007,40.51773,-79.84253,123.8,34537,46399
3236,34.28552,-118.507,589.3,76771,97326
5163,39.80364,-77.01381,156.8,43201,51086
2337,41.70019,-79.0435,74.6,40645,58849
5383,33.90888,-118.0239,439.8,69875,76582
3900,39.75785,-121.8249,256.2,52694,69081
5508,32.98549,-117.264,790.9,70744,100499
7200,33.93779,-118.1129,578.2,88056,105016
2811,33.73172,-116.3696,269.6,54089,84832
4764,34.17708,-117.3013,300.6,65208,69979
4336,38.5345,-122.7885,506.2,73681,89340
5419,40.27432,-75.31068,282.6,69807,84995
4058,33.76531,-118.0877,155.3,28253,38687
3329,33.9831,-117.5142,294.5,49219,62602
6595,40.35796,-76.16141,151.8,54963,63299
5898,34.2675,-119.2057,340.4,63977,69298
4647,40.05637,-75.14003,177.2,33513,42968
3267,33.84627,-117.9813,407.1,67398,85651
7014,33.76364,-116.9406,180.1,38936,54784
3372,38.66146,-121.5459,354,92045,108173
2229,37.91354,-122.2934,644,95556,103238
2952,40.75936,-78.52486,66.6,32317,41699
3573,41.11076,-75.20421,212.8,72471,78037
3036,39.95308,-75.20719,546.7,30493,51046
4044,41.79896,-78.44231,80.3,41949,52061
4108,33.57623,-117.2138,279.9,89306,85793
3708,32.71143,-117.0043,324.9,44554,55660
4493,37.80609,-121.2437,264,59076,69716
5389,34.1581,-119.1722,300,61005,73098
5484,34.26835,-118.6652,407.2,84427,98365
7241,38.68418,-120.9676,479.1,76438,96759
5193,36.55263,-119.4009,170.7,49068,55548
2877,35.28255,-120.6511,699.1,34750,63053
6971,34.05179,-118.0853,409.4,48926,63670
3122,37.75132,-122.1808,348.6,34167,47780
7104,34.182,-118.3046,397.1,41143,64111
6197,32.75147,-117.132,231.4,41006,48783
2844,40.38632,-80.28664,117.5,48555,56478
5199,40.84821,-75.67391,164.8,58235,70186
8480,37.70205,-121.0871,220.3,66235,73137
3202,34.19253,-118.5139,436.3,55404,85419
3253,35.41405,-118.8473,298.6,85542,110559
4281,41.7177,-76.64202,113.8,44243,53293
5774,40.20734,-74.89071,443.4,116552,135689
4494,37.30145,-121.8376,183.9,49706,61904
6595,37.71108,-121.7383,441.7,95295,111445
2805,37.74341,-122.1356,548.7,77000,92989
4677,34.11229,-117.3468,200.4,52708,58027
3738,37.89967,-121.6086,617.9,112661,153058
2598,40.31033,-78.89842,45.3,20792,27613
4080,34.04341,-118.1886,351.7,42422,75048
7082,33.85833,-117.3699,381.7,95156,103947
3929,39.83329,-76.6107,194.1,56088,67473
3296,40.9485,-78.97402,72.7,31371,42047
4147,38.36218,-121.9984,263,57329,68363
4512,34.10373,-117.3913,221.1,31997,42405
3138,34.04496,-118.2113,557.7,28608,34801
5050,38.60285,-121.3546,321.2,60847,76398
3275,38.67604,-121.1707,311.8,46049,62130
6649,33.87882,-117.211,206.6,77168,81549
5573,38.46072,-121.389,233.7,64973,77896
2947,32.73317,-117.2356,824.1,105066,129411
3554,40.3601,-75.91819,74.1,41406,47162
1757,41.38102,-75.89638,166.1,61406,70334
3165,38.06032,-122.1613,447.5,89028,108606
4323,33.79434,-118.1773,446.6,29193,38122
7620,40.7699,-80.37469,159.6,55400,75308
2631,34.24637,-118.4607,406.3,63750,79013
3228,34.05607,-118.302,777.2,25428,33491
4568,34.05917,-118.1347,476.5,59583,71130
4103,34.16231,-116.305,134.2,32293,45635
4330,34.25567,-119.2035,469.2,88341,87350
2342,39.78584,-79.33384,86.6,38958,44336
5143,33.12876,-117.0814,400,28790,31536
4256,34.08094,-117.3593,153.2,50068,57311
6452,33.8501,-118.383,832.5,102150,129301
2200,41.23313,-77.15013,109.3,43828,50408
6500,36.30513,-119.2711,276,56361,69446
2758,39.98991,-75.14984,36.9,14127,24748
4861,33.38971,-117.2452,352.8,42083,68237
1843,35.63035,-120.7061,458.5,67716,91638
4196,40.51351,-80.22786,127.2,55918,68672
5591,40.11577,-79.84055,83.6,32252,42682
2876,39.93523,-76.79013,133,53226,55744
5163,33.71788,-118.3011,593.3,72351,88924
6496,33.99311,-118.0941,399.2,64821,73126
1320,37.9272,-122.31,638,125375,121299
5273,37.39105,-122.0078,523.5,85034,84691
2522,41.4178,-75.68149,100.6,38668,47661
2231,40.48696,-78.42334,100,50726,52725
4933,32.6153,-117.0487,400.9,82561,80558
4246,40.12218,-74.94419,281.4,43063,56025
2383,35.35053,-119.1545,239.8,93206,103098
2613,33.79459,-116.5385,252.7,45536,76596
2686,41.35253,-75.98657,209.8,46936,66589
4006,34.15343,-117.6164,598.5,102355,123594
5001,37.92856,-121.289,102,36029,45682
2805,33.81115,-118.3036,479.2,80987,90140
8264,35.31618,-119.0128,135.5,31767,36931
3763,33.17946,-117.2863,279.1,53250,59981
6931,35.3933,-119.0111,54.1,26823,32280
4526,33.79231,-118.0202,569.2,111750,114428
5802,39.13821,-123.2041,271.2,35543,44416
4388,33.98559,-118.3086,295.2,35833,47238
2714,40.46315,-79.98413,59.9,31369,52959
3945,33.13594,-117.1063,413.4,64583,86092
5635,39.98274,-75.15118,70.6,14838,27389
4163,34.04267,-118.2618,509.8,43347,80410
3794,32.85245,-117.2114,634.9,90884,130376
2855,39.91795,-75.27592,128.4,51458,59919
3862,40.50176,-78.40368,69.8,40988,55529
6259,39.75945,-77.54312,230.6,68482,83142
7036,37.59242,-120.9813,200.6,50859,55199
2338,40.33168,-78.87137,94.3,46488,57241
4193,32.81044,-117.1869,467.9,78113,88399
8393,33.79585,-117.2158,166.9,44276,55500
1744,40.48186,-80.0122,93.9,45563,57707
1527,40.19229,-76.73595,117,26122,47864
3615,37.66114,-122.4069,605.1,58718,65391
3970,39.09357,-121.6219,238.1,67440,66772
4992,32.8603,-117.2276,450,64879,82908
6454,32.69602,-117.0365,315.6,52473,68241
2530,40.03924,-76.30647,144.7,26842,39773
2384,33.93306,-118.2287,286.3,42798,45210
9142,36.00426,-120.1294,162.3,29183,40280
3785,32.69936,-117.0802,313.2,42208,52196
3930,34.93116,-120.4313,344,46473,57715
3594,37.78065,-122.4372,584.6,46849,76741
9090,34.17773,-118.9707,722.3,124533,157213
5489,34.12136,-117.3914,243.8,45814,64725
7162,32.98483,-115.5243,128.6,22083,30658
4075,36.68108,-121.791,334.8,42297,56979
4989,34.22149,-118.402,365.4,74471,81699
2962,38.08711,-122.2382,96,49125,59373
6593,32.98611,-115.5419,170,49293,58768
5891,33.9054,-118.0874,365.6,41067,56378
5522,33.95373,-118.2049,364.8,34732,42611
7585,34.56875,-118.0535,148.3,50371,57302
1459,40.40054,-80.18632,112.5,52000,66490
2924,39.96167,-76.74913,99.5,37433,47201
2079,40.47785,-79.93776,94.3,43415,53100
6827,38.44123,-122.7343,277.6,53289,60048
14589,34.21589,-119.1684,452.3,74783,81603
3710,38.69472,-121.3138,199.1,62823,69518
4107,38.3191,-122.4785,600.2,75938,92957
3761,35.33242,-119.0856,237.8,91548,93294
4425,40.32401,-80.03277,133.7,45442,57052
4636,33.89627,-118.0191,456.6,84861,93847
8255,33.76891,-118.129,835.9,90637,124991
7510,40.05713,-76.78815,175.6,61698,70054
2936,34.11573,-118.2142,586.7,93517,95562
2657,34.15839,-118.3568,723.4,84544,131504
7543,40.00904,-75.09908,101.1,30488,34393
4123,33.60272,-117.7081,196.7,32220,50952
3399,33.82086,-118.0733,584.2,94219,120821
2877,35.27547,-118.9242,226,36044,45122
3151,34.00194,-118.1183,300,48393,55338
3380,36.98143,-122.0417,876.8,84330,133754
4433,33.77465,-117.9342,363.3,61743,73033
4295,40.41419,-80.02315,79.3,40113,47576
7169,34.05058,-117.7155,189.8,48841,56130
9170,33.74299,-117.8788,365.9,43273,53276
2141,33.71972,-118.0698,808.8,77938,133934
4175,33.14724,-117.1245,362.3,54669,58237
4665,37.72776,-122.4061,598.3,60885,72030
3598,34.09742,-118.0707,606,47266,67648
4797,38.65663,-121.3007,303.7,73707,81445
3939,37.96681,-121.2569,185.7,37059,45184
2316,40.60502,-77.56605,77.4,23304,32169
4626,33.14018,-117.1291,360.7,53262,64466
4091,37.96337,-121.9722,470.3,78309,93716
2781,33.97503,-118.3221,377.5,31813,45985
4090,40.42857,-79.79321,113.8,52017,57257
3525,34.21782,-118.3916,351.2,59375,63472
4971,34.09609,-118.3492,643.6,53264,59619
6312,33.71024,-117.9372,585.5,74107,86421
4958,33.96151,-118.2156,271.3,41105,52832
3142,33.8291,-118.2217,393.7,64493,90638
4716,38.42101,-122.7339,295.8,59722,60426
3443,33.7459,-116.3402,469.2,68636,121433
2599,33.07263,-116.8327,593.6,82939,110294
3912,33.93295,-118.0264,453.9,80223,88254
4661,33.84193,-118.1851,389.1,50723,67257
3953,33.7868,-116.9663,125,31571,38182
5271,34.13853,-118.0599,940.5,100880,127460
4198,35.12271,-117.9697,127.1,49614,58724
7256,34.06671,-117.1817,188.3,40478,47051
1827,33.97446,-118.21,397.2,39286,45322
6600,33.67536,-117.3802,210.3,35600,41400
8343,33.77134,-117.9773,420,48274,64847
6158,35.58641,-118.483,154.2,23826,37810
2359,37.87101,-122.5126,514.9,42353,59829
2869,34.03784,-118.3509,378.4,45344,49770
2168,34.02938,-118.1549,376.3,54110,66038
6947,34.04705,-118.1483,536.3,53338,82504
3957,37.7965,-122.2493,325,27360,41809
6156,35.14323,-119.4603,175.7,43682,59222
3323,40.17749,-75.54908,168.5,48750,58901
3639,40.53568,-80.22121,190.6,80882,101442
5623,34.09139,-118.3718,557.1,70922,83939
4843,38.5092,-121.5246,350.1,51221,64469
6572,37.76034,-122.491,797.4,85683,104544
1410,41.59957,-80.4793,84.6,32412,41563
5397,38.57945,-121.5476,35,25965,34215
8163,40.38413,-76.31942,166.7,57691,77559
6551,37.63465,-121.027,177,36374,48297
3529,33.84084,-117.7923,759.9,110000,129551
3986,38.66352,-121.0044,396.8,81944,89991
3903,34.09868,-117.3698,175.6,26875,34326
3433,34.17148,-116.1581,173.2,46228,51879
5936,36.71036,-119.7544,130.3,37372,46410
3731,32.59264,-117.0439,236.6,59235,63971
11611,33.83133,-117.5546,487,133125,146124
6884,36.70231,-121.6427,224.1,55044,56621
2556,40.30054,-78.92226,73,36755,43649
4840,40.27783,-75.47141,248.1,82528,84392
5147,34.048,-117.1782,333.4,53401,72963
5115,33.65321,-117.9816,535.4,85667,88105
2756,41.45969,-76.61661,131,39263,52615
7000,38.39831,-121.365,251.7,65956,80691
1549,42.12225,-80.06829,57,20707,25209
2490,33.68473,-117.7797,635,98750,121622
4249,37.90145,-122.5222,885.2,80089,124201
11470,36.21082,-119.3041,250.6,63420,78766
1727,33.87923,-117.8938,559.2,116406,117128
3623,39.79748,-76.97913,159.8,45450,50477
2395,42.117,-80.06682,51.3,22736,29119
5288,33.63723,-117.5944,471.1,79659,85542
13748,32.9247,-117.2167,997,144058,178736
4424,36.3186,-119.6637,165.1,33443,38013
4848,33.84407,-117.9172,424.4,50516,58137
1981,41.00251,-80.35767,38.7,15017,21788
4111,39.1002,-121.554,109.1,36141,39780
3771,39.98518,-75.25227,228.2,72063,78318
2661,34.12589,-118.0065,585.2,77528,95815
1823,38.59231,-121.4851,119.3,17969,21455
6129,37.26188,-121.8057,440.7,43039,54442
4885,37.86766,-122.2512,936.4,35352,59007
5674,36.77324,-119.7956,195.8,36865,48286
2306,33.7868,-118.3035,329.4,53500,64235
5837,34.1546,-118.003,634.4,104264,117584
5724,32.80349,-117.2256,625,49170,60823
2025,34.04404,-118.2827,575.8,29494,36212
2551,33.94254,-118.3294,483.3,26625,34462
5937,32.79187,-116.9276,347.7,57578,68916
6347,35.42407,-119.1017,320,105573,115814
6942,40.0308,-75.0397,135,36416,47562
2455,40.69235,-78.48818,70.7,37768,45125
5484,34.09966,-117.3609,147.8,47230,59247
2492,40.84151,-79.64007,99,48354,53678
8694,33.12639,-117.1503,337.8,50625,69226
4065,40.06721,-75.16877,142.5,45242,53023
3877,33.98365,-116.9991,315.8,49956,73738
2351,37.81142,-122.2822,330.9,20874,29672
3123,39.91636,-75.22904,102.9,42039,45426
2594,37.85521,-122.0677,340.6,55677,77661
5283,38.37362,-122.5349,718.2,80341,110819
4362,40.61645,-122.3919,174.7,32500,43345
3449,34.14232,-117.6761,498.3,96806,119740
3463,34.31322,-118.4401,257.5,43462,47225
5063,37.75338,-122.1725,354.4,41778,51337
3830,39.955,-75.60653,343.5,51806,80279
2248,40.08877,-75.37138,260.1,68934,75322
3700,40.23182,-75.41304,323.3,91938,110738
3011,40.43839,-79.84475,156.7,80990,90094
4566,40.04875,-75.18827,259.6,40256,70466
7745,34.03247,-117.0111,455.7,106005,117891
3083,41.00534,-121.4542,217.6,38337,54043
2790,36.742,-119.6719,228.6,78214,80194
6313,34.0645,-117.7281,268,32321,39219
2235,34.576,-118.1219,194.3,31932,34533
4865,40.5695,-80.08099,274.3,114375,156707
4740,40.03011,-76.35311,148.3,46745,56859
3984,33.83422,-116.4678,240.4,41979,57758
4515,40.05142,-122.3928,170.2,37433,54733
5546,37.54552,-122.2839,541.7,71066,91194
4028,33.13168,-117.0783,122.3,29919,49826
9483,33.93039,-117.2696,215.6,49444,57930
5494,34.21397,-118.5547,389.6,68090,81992
5477,38.60471,-121.421,180.6,32661,39901
5175,34.17516,-118.5254,488.1,51454,73759
7248,36.72772,-120.0721,250,48791,71930
2839,37.60236,-122.0735,629.7,114500,110996
6022,37.64329,-120.9479,152.4,39613,49217
2330,41.40097,-75.69058,110.6,37385,45021
9389,38.38711,-121.442,329.4,74194,90186
2659,39.94444,-75.15713,427.6,66226,102462
3433,39.913,-75.28316,129.5,48194,59456
3427,36.46863,-119.4493,206.9,35833,46357
3742,33.61397,-117.1142,354.9,98459,102635
5434,34.43899,-117.327,197.7,39538,55822
6313,39.98747,-75.11205,72.5,26652,40603
6163,33.22369,-117.2354,220.4,39659,47855
4500,34.18685,-118.391,450,41332,63299
9081,33.22041,-117.3071,412.3,82081,94064
5968,37.34927,-121.8199,382,49044,63813
2632,36.97584,-122.0295,601.6,43977,64771
3616,35.39211,-119.119,203.2,69531,77559
4251,37.62859,-122.0991,321.7,65493,71132
6705,33.51865,-117.11,352.3,72197,85427
4791,33.83596,-118.2192,350.4,54148,56395
5193,38.72326,-120.7893,363.3,61080,75045
1262,40.06789,-75.20256,391.4,106638,172909
3928,37.76302,-122.474,885.5,76442,96467
4230,40.97323,-75.46585,220.6,60851,68344
5641,38.02658,-121.8897,253.4,45087,60095
4273,33.94195,-118.0021,449.8,75820,86090
3259,40.17346,-75.10861,279.5,66202,77853
5502,40.37923,-80.03127,171.2,71393,85086
8071,37.40931,-120.8563,276.2,53996,77000
4208,40.63294,-75.34793,143.7,17277,28096
4089,40.82226,-77.8315,181,69135,91963
5183,33.64928,-117.9578,790.4,78443,103491
2640,33.0382,-115.6255,156.4,30431,39971
8692,37.69693,-121.0358,361.8,68822,101419
4930,33.80046,-118.1852,377.7,31850,43028
3941,34.20242,-118.6466,690.7,112844,139608
6339,33.86841,-117.8034,493.5,79399,92853
2507,33.88369,-118.0684,565.6,89714,99490
3122,34.23754,-118.4039,341.7,46839,59396
5289,34.68233,-118.1406,167.4,30885,44957
4468,33.72684,-118.0171,669,72237,98007
3911,40.38947,-75.91524,127.4,51797,56902
6562,37.40941,-121.8596,552.3,70625,87610
8247,40.242,-75.15018,359.6,84296,107926
3265,33.77575,-118.2766,381.9,37115,49928
4464,34.0034,-118.1519,366.5,46800,71952
2016,34.17434,-118.2717,966.1,132200,214648
5895,33.99265,-118.286,317.6,35343,41389
2508,42.1107,-80.06604,71.6,44091,42494
6482,38.03482,-121.9682,162.3,42307,56729
2810,34.42596,-119.715,873.2,53043,70113
4031,33.71292,-118.0401,678,72879,108676
4202,34.16272,-118.5977,634.6,91742,125262
5000,40.08252,-76.20822,201.3,59900,70317
4083,37.38862,-121.9472,587.9,93221,100181
7472,39.92381,-75.22548,79.1,24519,33508
4235,39.9659,-75.27184,125.7,40996,53499
3832,40.59779,-77.58188,67,36925,41919
3756,34.28739,-118.4404,238.3,35000,45975
2504,38.28617,-122.2612,459.6,88063,85710
3200,37.95832,-122.0135,618.3,97333,119762
3365,32.92202,-117.1276,473.7,107339,123860
4763,40.64176,-79.126,124.2,46645,66988
6551,33.84615,-117.9097,313.1,40302,52800
4436,38.54751,-121.281,321.1,78468,81249
2364,34.03991,-118.3698,618.8,50296,74691
4394,33.99831,-118.2607,296.8,23845,39821
6454,34.13197,-117.7634,687.6,122102,129122
2999,33.98272,-118.3285,318,24344,33945
3216,33.99287,-118.2439,327.9,18966,27193
2057,40.45307,-79.95981,60.9,35481,49695
6071,40.44223,-79.6668,210.5,87821,103879
6344,37.10068,-121.642,579.7,95357,119714
4194,40.47199,-79.83441,91.3,55117,59841
7081,33.75483,-117.8439,286.5,52245,74708
1987,40.44275,-75.97038,147.5,58782,68923
3224,40.34038,-75.91872,63.2,21216,29206
3596,34.4459,-119.8064,800.1,94338,104738
7016,33.75268,-118.0061,577,44750,62953
6028,33.66605,-117.994,802.2,86504,110419
3997,37.75294,-122.4437,807.8,85424,110781
2877,40.30834,-75.94407,139.4,52140,56945
6264,35.37837,-118.9737,127.8,24269,33730
3118,37.85912,-122.2679,655.9,70863,76083
1827,40.36951,-79.85173,40.5,30417,39012
5387,41.07328,-76.15209,108.1,44192,53909
1628,34.0643,-117.8599,839.8,87292,101808
4156,33.90376,-118.3311,271,40967,45577
4170,37.63132,-122.4092,493.6,69258,70102
4972,37.76026,-122.1789,333.4,36429,43402
3806,40.00948,-79.59097,81.6,39647,45092
6999,41.32007,-75.92351,158.4,62567,92281
6464,40.39581,-75.50221,291.9,83192,100326
5314,35.26612,-120.6407,578.2,62434,75139
7040,33.05431,-117.2727,692.4,76504,120258
6922,34.00477,-117.366,235,50380,54112
2833,41.20334,-75.99591,81.4,33947,41237
3095,41.56665,-75.50204,87.4,34243,47342
8224,33.56313,-117.1544,264.9,56771,77572
5203,33.67557,-117.9612,558,84034,102080
1824,40.2619,-76.82222,149.5,55847,66837
4155,39.73489,-123.5769,389.7,32147,44415
6018,37.53087,-122.5073,806.5,120114,143015
4773,39.94423,-75.23264,61.2,29288,35308
7298,32.57262,-117.089,281.8,44426,55966
1370,40.45892,-79.89351,43.3,34079,41459
5073,38.41612,-121.4123,269.9,71085,81473
3848,34.06216,-117.7677,223.1,30116,34959
3549,37.75211,-122.4722,881.3,125077,136633
2596,34.06541,-118.1407,551.7,66375,85587
3255,34.15336,-117.66,538.3,98088,129875
6483,33.9312,-118.1903,357.8,46274,54696
6404,33.81526,-117.5343,545.6,134324,141551
4797,41.09694,-75.0807,183.4,48770,63838
4127,33.18732,-117.3016,276,45650,53407
2565,34.38969,-119.497,274.3,65903,81624
4170,41.41307,-75.65124,115.4,32149,46339
7419,33.86784,-118.1789,349.1,61506,78346
4543,33.69994,-117.1936,164.6,30389,40782
1915,33.97912,-118.3632,464.4,70515,88513
2924,40.06751,-75.08485,197.9,48088,62610
5926,37.9691,-121.9857,457.4,93886,101673
2903,34.00897,-118.0416,602.7,91771,127624
3321,33.89862,-118.2581,261,45227,55457
3072,32.56321,-117.0657,344.2,40078,47730
4537,38.67914,-121.3715,183.9,48409,53602
4482,33.6677,-118.0105,972.8,95000,124411
9552,38.82537,-121.2732,406.3,111525,112710
3517,40.22702,-76.86873,132.1,45540,55319
5716,37.69121,-122.4889,630.3,99081,101251
4993,37.12969,-122.1277,475.7,81607,97458
5246,38.66595,-121.1644,355.9,77660,91832
3019,33.74631,-118.2839,415.1,19580,28461
3743,37.45694,-119.8643,234.9,55346,59979
5337,38.67623,-120.8068,290.3,61681,75449
4424,40.01092,-75.69689,227.3,52818,65266
3414,34.21366,-118.6325,629.2,78125,91201
6217,40.03679,-75.04819,153.1,53633,57596
6577,42.07501,-80.08063,153.6,48488,73066
3456,40.69555,-80.08166,241.1,104526,108421
4029,38.58381,-121.3921,300.3,51272,96203
5085,34.11795,-117.4159,237.4,54224,66627
6783,34.03213,-117.7979,452.2,77813,101126
4917,40.47744,-77.15774,126.2,43938,54059
3636,38.34718,-122.6944,195.3,54610,65775
2425,40.43614,-80.023,108.5,60106,78499
4866,33.76485,-118.0362,599,96411,113890
2974,37.36518,-121.8417,316.5,31429,35729
3536,38.49188,-122.8993,468.9,52500,78715
4947,33.786,-118.1858,381,26250,37770
3590,34.17198,-119.1897,324.4,57500,74605
2361,34.18734,-118.31,419.4,38611,54277
7194,37.51837,-121.9739,570.9,80926,93707
4903,37.32365,-120.5983,385.8,88611,97032
1650,34.53596,-118.0471,300,100859,112769
4352,39.76519,-75.82291,377.1,120667,139269
4172,37.22433,-121.7647,610.4,104628,115177
5093,33.6297,-117.2266,266.1,66250,70730
3501,34.04027,-117.9606,343,59632,62484
5885,40.79577,-76.55227,66.2,38269,46077
5871,39.76756,-79.86986,76,40408,51809
6519,37.90462,-121.2982,186.1,71269,81813
6722,42.06708,-80.13469,174.4,63115,73267
3521,37.86103,-122.1706,955.2,169196,212304
6858,37.70791,-121.4232,343.2,93250,97110
2685,37.87317,-122.2966,613.6,43771,54928
2196,37.64083,-120.9914,166.5,16913,29210
1515,40.31833,-79.83085,56.1,35099,44845
3945,41.94742,-75.87565,148,53411,60695
7682,35.84508,-119.2482,146.4,27662,35388
5940,40.88711,-75.37081,211.3,62794,73450
4083,34.16238,-118.4577,626.2,64775,91313
6147,32.96436,-117.0436,438.7,81302,87094
5418,33.86893,-118.2565,384.2,74107,95270
6481,39.07911,-120.9617,342.2,66513,76823
2603,34.08163,-118.277,605.5,60166,62380
4594,41.79565,-76.80747,103.4,41062,50461
3200,38.51289,-121.4195,189.3,35141,42157
6723,39.92822,-75.19238,124.6,18576,29172
3376,40.22895,-79.89383,89.7,45823,57808
1995,40.29369,-78.91137,46.4,34006,37609
3158,38.43546,-122.7079,368.1,51071,51615
1645,34.16607,-116.0558,179,44375,54863
5093,34.06851,-118.1709,365.1,53235,62695
3248,39.98851,-75.13326,51.3,14042,21869
4285,34.66609,-118.1601,315.7,34943,61118
5064,40.64663,-75.35353,209.2,66391,71890
5791,40.43056,-78.39455,118,44420,51673
3478,34.09833,-117.6896,369.8,45587,47898
4307,37.79547,-122.4063,697.1,13947,25661
6624,40.15093,-74.98739,279,57417,68103
5249,40.46253,-79.71083,133.7,67306,74061
3592,35.28199,-120.6609,676.9,39746,50750
2636,40.62794,-75.34074,169.8,59486,66154
2928,39.80251,-76.54998,244.4,76417,89574
5145,34.02468,-117.6442,347.7,76806,90873
4098,34.09621,-118.1321,370.3,37070,50557
2144,37.42754,-121.9704,500,83203,98635
6470,33.9742,-118.4248,688,68945,122196
4796,37.68113,-121.8841,832.1,130938,138407
3023,33.99597,-117.9393,399.7,58095,68763
3082,38.62925,-121.2447,490.3,136411,173741
2263,36.61325,-121.925,773.2,80729,88728
2568,37.06985,-118.2642,230.2,59375,63205
4193,32.69241,-117.0994,237.2,31675,38332
1928,40.27979,-76.05368,209.3,79940,95174
2692,38.69093,-121.3408,207.1,49767,65061
3355,41.52579,-75.95705,154.9,48581,62252
3319,41.02008,-78.43395,75.8,26155,35094
10460,32.74817,-115.5285,160.4,51375,59944
5218,33.71101,-117.9493,658.6,63300,79661
5250,33.79303,-118.2116,367,45863,54139
3963,34.021,-118.1134,504.7,63741,73652
5155,38.58204,-122.5821,287,51974,76217
4152,39.92236,-75.28769,190.1,64826,75404
6108,34.23351,-118.4304,364.4,66020,64422
8057,36.33545,-119.6461,139.4,37002,43742
2762,33.97836,-118.2097,365,44734,56642
2821,32.7574,-117.0935,410.4,31695,38740
5572,34.09848,-117.7741,360,59091,68308
3506,37.27644,-121.888,681.7,84006,115222
3629,32.92101,-117.1397,326.7,65583,76271
2676,40.03103,-80.08426,103.2,50028,58022
4946,34.10661,-117.4048,112.3,36534,45048
4392,37.35768,-122.0102,723.2,116705,137144
3428,40.35501,-79.96374,114,64071,66850
3243,34.03811,-118.4616,667.2,57783,74840
3062,33.71032,-117.9588,685.6,70968,86417
1584,39.95049,-75.29077,323.3,118611,130160
6808,38.23878,-122.0159,322.9,79034,87442
3954,34.46711,-118.5615,668.1,135580,151058
7148,40.19698,-75.06375,327.1,60750,86708
7051,33.58913,-117.2214,329.9,81193,96968
2688,36.66033,-121.7657,265,58486,63109
6263,41.39089,-75.7119,105,38204,47153
5105,39.92187,-75.15166,164.2,43477,57956
7578,41.19639,-75.37007,152.7,57589,60201
6068,37.57343,-122.0676,628.3,123750,127562
2411,34.07265,-118.3657,969.7,74167,117032
4799,33.78641,-118.0844,877.4,108750,148016
6061,33.16575,-117.1293,416.1,67200,88737
3125,40.9796,-75.9942,146.2,29850,45182
2385,37.80729,-122.2952,374.2,39286,52775
2283,37.82583,-122.251,579.7,50684,67765
2680,40.43434,-78.62941,85.9,48387,55678
3349,37.00088,-121.8706,821.8,91394,123503
4403,34.04178,-118.3117,601,26730,40479
3751,34.20384,-118.5488,361.9,57460,65768
2363,40.42423,-79.94359,86.4,48243,57004
2939,34.19945,-118.4806,524.3,27402,43542
4192,40.20651,-74.85723,362.2,131146,144626
4531,34.10562,-118.1539,707.8,74033,93653
2943,33.91999,-117.3988,736.6,49232,95429
5417,37.76325,-121.1194,378.2,95982,136928
2295,38.58623,-121.3172,221.8,33924,43706
4919,32.80273,-116.9564,303.8,42000,51577
4338,40.26982,-76.76926,147.6,54730,63270
2034,33.74023,-118.3012,469.9,69375,82316
3078,39.83236,-76.91484,216.2,67102,87897
4582,37.33105,-121.7764,740,121250,130692
5457,33.69119,-116.2829,631.5,88182,124590
5541,39.7473,-76.34899,209.5,56667,64622
4922,37.92966,-121.9304,649.2,118952,130631
1998,40.2355,-75.2647,276.7,56250,65361
5151,38.26116,-122.7333,835.5,69653,94545
6430,37.66394,-121.0197,190.1,32699,42406
7195,38.67858,-121.5265,316.8,83882,89339
3039,38.67794,-121.3473,204.4,53920,63162
3887,33.97258,-118.2864,305.1,40500,47505
6580,33.77115,-116.9427,159.4,56134,60466
5343,33.73328,-118.3068,635.6,65051,86855
4294,42.21389,-79.83424,114.1,37100,43941
1287,35.37093,-120.8473,372.7,32558,46523
2770,38.62603,-121.5325,297.4,88862,97194
4273,37.36876,-121.821,477.9,51912,66767
3295,40.97848,-76.83937,113,42826,54494
2443,41.23354,-76.10673,128.9,50665,63544
4921,32.86564,-117.2229,309.6,59000,58992
3493,33.9552,-118.2219,435.7,26758,42998
1587,40.0754,-79.96955,122.5,50294,64902
2683,34.06564,-118.2116,264.1,24840,39999
4322,34.21113,-118.5758,424.3,56573,78260
4869,36.54024,-119.6766,322.2,47396,62448
6412,38.13802,-121.2978,245.1,49657,64428
3238,34.02627,-118.1276,407.1,45769,61112
3262,34.16666,-118.4012,341.8,58918,57873
2519,34.08875,-118.1782,262.1,37530,41383
4679,34.05896,-118.0548,248.9,38380,49089
2578,38.12232,-122.2684,236.7,66083,64383
5338,34.24091,-117.3046,225.5,53028,63859
2205,33.83757,-116.507,293.8,58750,82537
4565,34.25383,-118.4814,426.2,74356,92076
4352,34.0141,-117.031,249.5,75496,87132
6439,34.12307,-117.9955,377,54548,60260
13261,33.54906,-117.1598,301.4,74744,85490
5800,37.65467,-122.4613,622.3,108889,119320
3523,40.30603,-75.50428,250.7,82716,91495
4219,36.68897,-121.5986,271.1,52456,64294
4486,34.0828,-117.321,173.7,43472,53497
5892,38.63518,-121.3571,325.3,64696,82978
7060,34.0121,-117.5862,433.7,81590,86837
6126,33.75065,-118.0342,580.6,80614,98077
3236,34.26371,-118.4291,377.1,34487,46065
4204,39.72994,-121.8599,303.3,24388,43770
964,36.71621,-119.8271,200,24427,29306
11436,33.80776,-117.2154,204.5,44770,45467
5403,33.63123,-117.7101,449.5,64441,84421
7000,37.91317,-122.0835,721.2,108421,132953
2927,39.35058,-120.2132,589.4,72150,77138
5739,37.29093,-120.3212,186.8,34063,48881
6825,40.19837,-75.33447,482.5,112516,150806
3380,40.49088,-80.05083,100.1,37813,46682
2193,37.8071,-122.2898,388.7,19351,28868
5310,34.20174,-118.4975,395.1,51250,76597
4079,34.15477,-118.2612,340.7,41924,52040
2219,37.91836,-121.2824,147.3,27500,44346
3595,40.86842,-75.25568,164.2,50156,59805
5323,33.89973,-118.2106,235.3,41901,47745
2566,39.89512,-75.94651,244.5,57985,68209
4656,37.73143,-122.1668,453.3,73906,87203
3602,36.69154,-121.8021,466.7,70625,81007
4671,40.22625,-76.89224,178.7,74663,74742
5970,37.47584,-122.1591,483,47375,64903
2384,36.09852,-119.5612,155,26397,35516
2065,40.22771,-79.26408,147.1,45127,54238
3110,34.4506,-118.6629,352.7,71336,79983
4399,40.18031,-74.83488,254.3,66212,73378
3214,37.75164,-121.4433,316.7,61272,100182
2187,39.7861,-77.25029,217.4,57500,84491
3913,34.08752,-117.714,431.9,64322,76273
2322,40.32231,-75.81544,256.7,84750,125439
4097,32.58588,-117.0547,336.3,78845,85124
6205,40.34103,-75.99904,199.7,62667,83770
6800,40.04044,-75.12486,97.8,33688,37982
4409,33.93195,-118.25,345.7,15116,22993
4762,34.27638,-118.8915,560.9,68792,77648
5296,39.96777,-75.64138,431.8,112317,148649
3624,36.75662,-119.7948,196.2,34375,42428
5806,40.26436,-76.84669,83.3,43094,52484
5558,37.53176,-121.9258,877.6,127869,142039
6257,37.47194,-122.2095,589.2,36419,59753
5446,34.21486,-118.4193,388.6,62576,72704
4681,37.60284,-120.9633,176,30354,35281
2779,38.62481,-121.492,203,60000,80874
4217,36.8557,-121.4217,246.9,45815,56110
4141,40.86839,-80.2796,95.9,48092,58953
8319,35.30643,-120.6576,377.3,10125,21965
2377,40.44301,-75.33037,207.3,55038,59467
1432,40.4937,-79.86143,100.7,38456,45668
5357,32.74188,-116.9988,384.1,56852,68933
3030,33.75581,-116.4037,570.8,70152,127102
3088,39.94424,-75.2225,79.3,30558,34410
4888,39.28839,-120.9883,552.1,52119,81355
5988,34.27037,-118.7916,372.2,73648,88139
5358,40.60238,-79.93281,199,81122,98490
3393,37.55175,-122.258,811.5,105000,131841
8339,33.47072,-117.108,336.5,65818,81232
4023,34.01419,-118.064,374.7,56842,68034
4605,36.72843,-119.6725,268.8,67200,90246
4372,37.75171,-122.418,794.6,53625,79136
6836,37.99953,-122.5463,765.3,64647,94913
2848,40.0193,-75.29862,855.8,116250,211598
5841,40.0128,-75.19169,232.4,74076,80036
4225,38.64221,-121.301,375.4,73816,93297
4301,33.0041,-117.0677,465.6,64944,95293
3820,40.52409,-80.44061,153.8,64875,70951
3569,33.34193,-118.3287,819.5,49653,66419
4679,32.57133,-117.0536,261.6,57396,72450
5040,38.72272,-121.3558,269.6,84654,93132
4138,40.23562,-78.82858,71,32024,39468
3467,39.44698,-123.7995,379.5,41786,52289
2649,40.48402,-80.04157,101.6,56521,68765
2899,37.13326,-121.6435,603.6,121992,147545
4450,38.1344,-121.2652,159.4,25109,31715
5523,33.87,-118.366,652,84495,110593
5078,33.87637,-118.3571,476.9,58555,63684
3568,38.67183,-121.2791,283,64018,86333
2539,39.93139,-75.21694,60.3,16719,25262
5921,38.39826,-121.2147,497,93839,100894
3884,34.23361,-118.452,309.1,37461,43842
5631,39.77401,-75.88253,368.7,115721,128153
4075,34.09142,-117.6601,316.2,68693,73602
4172,40.47113,-79.08903,97.2,43474,52314
2651,41.41553,-75.63824,126.1,46719,66434
8089,40.09348,-75.69526,452.7,164408,166799
2163,36.99053,-121.9988,697.1,118221,130059
5322,37.35972,-122.0023,670.7,83664,109315
4802,37.96709,-122.0346,289.6,41175,47256
5074,40.29034,-76.84573,146.2,56131,61756
3922,40.46098,-79.85453,77.2,49815,65213
1955,41.91182,-121.947,133,32750,47891
4460,37.30202,-122.0191,962.5,134219,143397
3881,40.05352,-75.80428,284.4,84375,105866
4543,40.9851,-75.95295,144.2,51048,53158
4764,37.58879,-120.784,455,60917,80921
2012,40.58097,-75.20846,367.8,71953,97635
5348,34.08395,-117.6286,204.3,45083,49732
1591,34.66164,-118.3861,299,95313,97197
4804,40.26185,-79.53321,161,62519,76578
1277,40.55635,-75.11431,334.9,61458,79393
7614,32.86988,-117.2185,377.3,70222,85978
6142,40.19049,-76.68828,136.3,52158,62430
6130,39.08349,-121.5459,157.9,35650,44345
3099,40.65509,-76.10184,157.4,48750,68789
3556,33.64271,-117.9091,800.3,64222,99687
4080,33.89572,-117.9938,462.8,80058,100626
6248,40.29722,-76.70568,243.7,83370,99556
2803,34.05899,-118.0785,417.7,39306,50315
5267,38.56708,-121.7598,554.2,64219,128188
3354,32.7678,-117.1039,814.8,110066,133780
3248,36.819,-119.8522,207.7,49052,59728
3312,33.95234,-117.4723,223.1,45288,65095
6593,37.75686,-120.8605,277.5,61854,71325
4226,33.99716,-118.4108,621.6,47292,74902
3728,34.05446,-118.2769,162.5,26058,29862
4432,40.41461,-80.05296,144.6,72663,92917
2779,34.17338,-118.4273,683.9,71650,96364
4706,40.16826,-74.88543,260.6,66250,75838
1707,40.54024,-79.15931,93,40588,47880
5071,40.77799,-79.92399,185.8,68663,93083
2410,39.8603,-75.34388,116.9,44607,48749
5472,38.70343,-121.181,427.5,77622,107886
4559,38.01353,-121.316,201.7,26015,42355
2837,37.94001,-122.3218,363.9,75348,81766
5411,40.34583,-76.22614,168.3,53318,62629
3520,34.19058,-118.8824,478.6,52608,76365
850,40.44632,-79.8763,56.9,20313,24878
4986,34.02772,-118.491,760.5,80770,94428
5604,34.17242,-118.2496,927.6,166378,185845
5177,40.43315,-79.92762,236.3,49655,70884
2106,40.4442,-79.96672,403.6,11969,18864
3458,34.03181,-118.3964,706.7,58648,74305
2800,34.1479,-118.4434,868.1,76494,109575
4143,40.24829,-75.28033,215.7,50000,64823
4664,39.92903,-75.17209,108.3,35461,40356
2642,36.67025,-121.6775,414.9,65170,74063
2079,36.73779,-121.6278,299,59167,68183
3130,39.73547,-121.8495,303.6,21867,38539
4083,40.61191,-75.47173,75.7,24583,29888
2847,37.23685,-121.7666,360.3,91629,95868
3616,33.97863,-118.295,328.5,35750,63997
5427,40.00709,-75.63,325.6,115486,132571
4147,39.95342,-75.21062,353.4,38444,54327
2944,37.47928,-122.2476,963.2,112917,146911
4462,40.07563,-74.99399,215.3,56829,64935
4364,33.4287,-117.6062,817,72303,107498
6956,39.96995,-75.5439,221.3,64715,75367
2639,40.46909,-79.92471,77,30363,34892
3957,42.11489,-80.12666,141.1,55759,81774
4895,34.1399,-118.2605,527,38286,47190
4630,32.73606,-117.0247,354.8,57877,70699
2495,39.313,-122.248,213.6,44444,66604
7161,38.66316,-121.4991,358.7,110637,119545
3507,34.03456,-118.3046,557.7,26732,37116
3110,34.12473,-117.8306,497.3,87652,108064
5485,34.13947,-118.6221,896.7,147143,193330
4454,33.77208,-118.1697,277.8,34097,41834
3898,40.10829,-78.82266,69.3,37647,42875
3334,34.67484,-118.0713,262.4,62661,81463
4909,32.60714,-117.0513,274.7,45944,54914
4842,38.55558,-121.3598,254.8,79360,84405
4761,37.52897,-122.0154,541,84773,90090
2700,39.10119,-121.1611,554.9,69250,82303
2950,34.01526,-118.0839,216.4,48365,51056
2914,36.71125,-119.8602,274.5,45060,63074
1839,40.79892,-77.87575,318.4,91477,102296
3622,37.78544,-122.4329,625,53904,84370
3861,37.6171,-121.0169,123.5,19646,32611
3243,37.79794,-122.2294,394,43750,55855
5574,37.90662,-122.0619,368.8,74466,85751
3236,34.08394,-117.5985,418.9,90475,116982
5733,37.30136,-121.9462,727.5,60154,79307
2327,33.81976,-116.4526,303.9,65714,72650
3868,40.26406,-76.79764,158.1,64985,73462
1385,40.25688,-75.46628,157.6,52222,58667
7040,41.2108,-76.77519,119.5,41458,53515
3974,33.62456,-117.2708,239.6,58818,73177
5385,40.08423,-75.27074,379,111250,150989
4547,40.18207,-75.52107,240.6,92168,107912
3240,37.70563,-122.4449,598.8,90536,101685
2285,40.49096,-80.01877,75.9,39821,50505
6485,39.77649,-77.88792,197.8,58536,73990
3713,39.89096,-75.42034,365.8,95536,126008
6613,36.87412,-119.7385,329.2,113218,134102
5702,33.80963,-117.972,376.6,43459,57488
3827,37.66849,-122.1122,407.7,41417,46830
3237,34.27976,-118.4939,483.3,103125,111169
3061,38.10539,-122.2368,219,48240,58220
4313,39.99833,-75.07417,143.9,41338,50477
6654,34.15752,-117.3855,329,78961,83822
3030,35.73075,-120.8957,336.6,62721,76432
4821,33.67518,-116.1629,120.5,37227,43581
2319,38.62519,-121.3749,357.5,75450,94113
6057,33.92375,-118.051,298.2,57756,56276
4453,37.29045,-121.9702,706,81667,99318
3573,34.20387,-118.4354,374.8,36915,58032
3461,37.81448,-122.2422,720.2,78036,107081
4011,41.17218,-77.4278,135,49871,60611
4650,33.79482,-116.451,332.4,62262,79709
2793,38.65115,-121.0999,466.9,137750,139023
4970,34.0997,-117.5865,239.6,41837,50602
1284,39.96192,-76.7264,65,16304,24556
6617,40.55527,-75.55797,272.5,74631,90951
6045,41.95114,-79.44472,94.4,46394,54465
3245,33.96553,-118.322,377.1,57292,78801
2426,38.73872,-120.6065,339.3,68910,80972
1673,40.18905,-80.26158,82.4,32443,39762
5054,40.14875,-78.58495,106.8,40806,50817
5863,33.90594,-118.3479,504,43149,48841
5026,39.95584,-75.26258,114.3,30115,39259
3753,40.24546,-76.93066,210.9,78091,97359
3240,40.60081,-122.3682,240.1,35795,42612
6705,34.0663,-117.9182,393.6,69247,92128
2082,38.97288,-123.1264,605.3,43582,59587
4111,41.8829,-77.27328,94.9,44360,54651
2626,33.91931,-117.5007,267.4,66534,69593
3737,40.57419,-80.04197,166.8,72228,91963
3379,34.20219,-118.333,634,65313,75395
7002,36.55299,-119.3858,197.7,43393,51579
3205,37.59454,-122.0786,504.5,73713,82358
6784,35.20143,-118.8375,117.7,25792,30422
3656,37.25169,-121.8845,588.7,74600,84741
6798,34.0734,-117.2552,203.1,39034,56339
3064,36.81254,-119.7176,117.6,37744,46977
5585,36.97893,-120.0499,123.9,29551,40515
4397,38.54446,-121.2284,375.1,101813,110398
5519,34.13281,-117.2118,195.8,41755,57609
4570,36.21904,-119.323,212.2,64594,74334
1177,33.99957,-118.4041,669.9,87356,98946
5573,34.00388,-117.7958,614.1,110089,127620
1449,40.56036,-80.14289,451.9,134643,219655
2553,40.52724,-78.40521,86.2,48750,56526
5458,37.63011,-122.4595,714.6,98029,112549
2766,34.17039,-118.4002,507.7,42206,55501
2490,34.04677,-118.2582,448.2,31632,58397
1783,35.24678,-120.6761,161.3,40365,56926
4742,34.09329,-118.3127,490.9,38220,42319
7397,38.81416,-121.247,418.4,99444,105422
3308,37.7601,-122.1349,585.8,108214,119078
2675,33.97919,-118.2892,280.2,31983,42614
2500,40.42147,-79.99313,42.8,31287,36379
5826,34.16295,-118.1557,474.1,43116,55573
3391,39.87755,-75.32101,201.1,51656,65265
4829,37.50424,-122.2771,957.9,141211,174509
2729,34.05852,-117.1628,243.6,41458,47297
4080,40.02624,-75.10308,114.4,31155,43675
4708,41.65683,-80.14452,124.9,49297,66680
5577,34.05403,-117.7655,137.5,36479,44534
5642,40.05999,-76.29032,175.5,58929,72926
6626,36.78645,-119.6897,184.4,60833,63798
4234,39.43928,-121.5372,149.5,42381,51146
6064,34.0431,-117.3064,303.2,38684,52844
4075,34.39742,-118.5466,452.1,91038,94051
5658,33.81308,-117.9892,359.7,37140,55751
5998,34.27308,-118.419,318,49278,59073
3152,37.6737,-121.8698,647.1,121406,114858
2399,40.20871,-76.78554,87.6,46852,57113
5384,39.95997,-75.27186,173,71217,85751
3036,34.87,-120.4418,417.7,56314,72179
4298,34.03705,-118.1388,482.8,56076,68551
4040,40.15568,-79.52736,107.8,54345,56801
2872,40.42726,-79.97085,205.8,41366,60987
3625,41.06279,-80.05488,154.5,34018,49565
3578,39.8867,-75.28371,131.3,61673,67162
5938,40.31713,-78.31032,124.8,43761,52645
4755,40.07984,-75.17645,134.9,40633,47316
4687,38.71846,-120.8956,506,79631,96580
9097,35.02753,-120.4982,466.3,62250,75050
3805,40.78344,-76.23333,67.7,41705,50037
1072,40.29819,-79.85456,85.6,45917,53311
2790,32.92932,-117.0666,693.2,148000,167776
3577,33.97732,-118.2305,468.3,28587,34520
3095,34.07232,-118.3073,709.8,30047,46573
3143,40.20619,-74.77526,207.2,56250,65743
3204,33.95834,-118.1547,264.2,37306,42694
3045,40.00141,-76.35153,199.3,69550,67086
4141,34.21679,-118.3585,396.8,38274,50860
5437,40.62985,-76.17223,80.1,40933,52775
3899,39.98655,-75.8144,133.8,30451,42671
5975,36.84645,-121.4062,322.3,51250,61474
2471,34.24128,-118.4786,480.6,90375,109368
3379,34.09792,-118.3334,576.1,26683,45376
3265,37.35932,-121.981,621.4,99500,116392
7431,38.75764,-121.3476,342.3,93472,97311
3287,33.74131,-117.9331,203.6,41165,56705
3539,34.41222,-119.2885,612.4,98438,115744
4738,34.42058,-119.7201,762.7,50662,62037
4895,41.09706,-79.87389,110.7,46831,54326
2525,34.03195,-118.4413,613.1,58448,66807
4973,34.05376,-117.9327,432.4,72399,91015
5566,40.21279,-76.7639,140.4,67976,68564
4058,37.305,-121.8263,530.6,91532,112313
2940,41.71231,-80.19903,106.1,45781,53366
2186,38.66264,-121.1452,492.5,116250,105807
2711,41.32244,-75.74765,95.3,38705,54228
7595,37.96757,-122.0405,219.1,41734,48371
3256,34.28562,-118.539,776.7,137794,157694
6786,34.40271,-118.9099,333.9,54844,64761
4163,32.85842,-116.9772,388.5,78036,79680
5640,40.18026,-79.92544,121.1,54567,68255
6299,36.67197,-121.6042,425.6,54099,73117
4506,37.93954,-122.3413,325.7,50341,57331
2091,40.48809,-79.99438,113.2,50750,70056
5194,34.06571,-118.2874,242.9,51078,55705
3711,33.15419,-117.3479,739,62672,69322
1051,40.49475,-80.00997,101.3,54808,71539
6189,40.13258,-75.39222,264,73917,90147
5074,40.83637,-124.0586,443.3,58909,77930
4043,33.93974,-118.0472,361.8,44297,66712
5466,33.59226,-117.732,609.1,106984,115366
3646,40.91905,-77.0456,126.8,38750,50197
5049,33.6928,-117.3633,187.8,44363,58630
2873,34.0592,-118.4689,620.3,63964,109124
2010,39.95296,-75.27268,138.4,41842,45903
5665,33.8443,-117.549,428.8,126477,142554
4002,40.05409,-75.18218,109.9,29146,41604
4041,40.19491,-80.23963,133.6,39872,49779
4107,37.7719,-122.2487,511.7,73482,86052
6054,34.65006,-120.4497,271.7,32429,45139
4217,39.73565,-121.8576,318.8,17057,28282
3195,33.92736,-118.3403,417.3,47625,61008
6396,37.37745,-122.063,352.7,83370,103092
4078,33.17313,-117.2165,410.6,62905,77332
4414,40.12435,-77.77788,138.3,46101,59313
4064,40.30847,-80.04642,156.1,75341,95542
9670,36.05899,-119.023,123.7,23047,33999
5369,40.54229,-79.94863,160.6,77434,85246
6864,32.78962,-117.1757,278.1,46598,58262
4512,33.88033,-117.222,274,56272,59276
5730,37.73085,-121.9378,607.1,106125,125145
4000,33.67948,-117.9496,551.3,91635,94206
3141,32.85902,-117.2333,521,71074,88354
1595,34.06501,-118.0187,225,33571,44288
2692,40.35506,-78.70384,86.1,46154,56481
7597,38.44467,-121.4153,236.2,62706,70677
4195,34.08638,-117.7026,258.9,52500,58986
4423,40.4693,-76.01011,179,69844,76453
1890,34.10381,-116.9389,321.5,70300,82091
1872,36.6199,-121.9176,712.3,78429,84669
5316,32.90553,-117.0999,532.6,105145,115697
4538,39.96094,-75.32515,288.9,87361,98852
3357,34.26644,-118.4323,331.9,59207,65069
7312,33.91182,-118.2335,255.6,31225,41700
4438,40.24431,-75.31032,335.5,61726,87197
4495,34.13946,-117.2547,226.2,28224,32242
4465,33.17382,-117.3105,482.4,77656,88330
3652,33.65828,-117.6432,369.3,74792,84130
5227,34.08043,-117.9638,326.9,49514,59470
4479,40.35498,-79.28679,87.1,43996,47196
5740,34.22902,-118.2559,537.3,90372,98200
5723,36.78762,-119.7818,189.3,29837,38687
3209,33.87413,-118.2703,181.9,54655,59976
4980,37.37679,-121.8457,457.9,69464,85540
4243,33.76446,-116.3732,279.6,42674,62672
3694,37.68576,-121.0414,197.2,50732,60231
1853,32.88525,-117.2148,410.1,68295,75107
7766,35.39236,-118.9864,111,28677,36462
2458,33.95821,-118.3981,678.5,66324,100333
4763,38.6068,-121.454,226.6,40417,51684
3101,40.79624,-75.16044,231.3,64672,74953
3544,40.70416,-80.33203,171.7,58295,88340
2330,38.24111,-120.3446,470.2,50944,74846
2147,39.91035,-75.30854,201.9,42386,58363
2531,39.89165,-75.47291,249.9,73727,92321
4037,38.46978,-122.7586,352.6,64803,75861
5504,40.78059,-79.82558,161.4,53072,63030
5639,37.66044,-122.4369,447.9,71830,87782
5750,37.85273,-122.139,895.3,105391,134228
4477,37.38286,-121.8498,534.9,100750,115231
2507,40.02199,-75.13154,77.4,16944,27967
5366,34.95762,-120.4089,330.7,66379,78417
5201,34.14619,-117.557,485.1,123798,213953
6808,34.07883,-117.9283,393.4,63276,73692
4114,33.90114,-118.1965,297.8,39688,48130
3509,34.08281,-118.2571,628,59776,69582
4638,33.77745,-117.9915,203.1,58110,68411
6098,37.93958,-122.0115,681.1,119943,143276
3618,38.30667,-122.2718,685.4,92804,113203
3075,33.63138,-117.6567,641.8,106146,126862
7819,38.07792,-122.5605,703.3,99032,128244
5450,40.46341,-122.4212,262.6,53011,58988
2763,33.89861,-117.4592,276.7,52411,71068
1740,36.21156,-119.3379,160.2,36761,47027
3186,40.30593,-75.32397,308.2,60152,87402
9325,40.03699,-77.54965,160.5,57514,65645
2401,33.67327,-117.1328,244.4,83561,85331
4630,34.01779,-117.4271,284.9,64792,83289
6339,36.77879,-121.6447,576.9,91392,98828
5172,40.88508,-76.1885,115.5,50149,58062
4063,37.28405,-121.8923,803.4,116214,130786
4143,40.53661,-124.0293,362.6,44556,75661
2557,37.80202,-122.4272,850,92820,130479
8981,32.70871,-116.9164,683,126387,130803
6203,39.4058,-123.3551,270.2,40846,49882
4890,38.64278,-121.2826,399.2,65360,87171
5056,33.82118,-118.3673,727.1,102754,108989
1910,40.45985,-79.89108,36.7,20417,26781
3913,32.63574,-117.0723,337,62976,67778
4763,34.11839,-118.0736,627,56861,76525
2801,40.39728,-76.58312,185.6,58482,64630
4590,33.83188,-118.3673,660.3,103765,120674
5527,40.63658,-75.50058,230.7,66097,78346
7114,33.951,-117.6771,561.3,119602,126828
5804,36.72407,-120.0795,249.7,38451,49055
1920,33.98489,-118.1911,319.2,40313,53703
4806,38.70159,-121.0636,605.8,127928,146148
5672,33.68538,-117.7994,676.4,91696,102318
9648,38.54212,-122.8226,460.8,77877,96233
6658,34.10177,-117.673,315.1,43304,53113
3246,34.45251,-118.5384,416,89167,104678
3661,40.62894,-75.43053,169.1,45192,52236
6147,40.15482,-75.41381,326.4,80694,109821
3467,40.002,-75.7145,217.5,44732,60916
2361,40.51567,-79.94267,127.3,48539,55535
3933,40.38098,-80.08014,148.5,66768,73627
2849,34.15881,-118.2735,575.9,56941,65417
2906,34.06207,-118.2788,465,27117,40043
3247,40.45134,-79.95233,234.9,23421,58099
5807,37.91197,-122.0216,837.7,127155,166231
3165,33.93161,-117.2477,178.8,34500,50641
8740,39.82049,-75.80843,314.9,82596,106986
6305,37.68737,-122.1687,419.2,76473,82137
3288,37.94609,-122.5301,557.6,70682,93445
3212,37.40716,-122.1137,811.9,64524,102447
7533,34.17968,-119.1722,323,46157,58191
2373,39.61488,-122.3205,260.4,55250,83728
2172,37.85035,-122.2815,341.2,34565,50966
3200,33.92066,-117.257,190.1,37250,46137
1688,34.70863,-114.5283,96,29280,37420
3632,37.87949,-122.2897,652.9,91774,108201
5462,37.35823,-121.8527,329.5,64274,70580
6726,40.1009,-74.97195,207.1,62161,74380
5358,37.96848,-120.3149,315.1,45278,61255
2158,37.34823,-120.7329,388.3,34013,52218
3460,39.16805,-121.7575,230.8,68371,79016
2397,34.04098,-118.1343,440.8,43594,68574
4626,37.96964,-122.2953,367,57500,70030
6650,37.32031,-121.773,791.9,162228,187513
1914,40.99108,-76.06089,168.4,58482,82629
4082,34.06421,-118.4497,476,17243,47755
2246,40.57581,-75.33528,186.4,62344,80407
4581,32.55995,-117.0582,252.9,42675,51925
6304,34.18281,-118.7533,630.3,129079,156734
5059,33.95134,-118.3648,368.1,50219,57309
5483,33.87324,-118.1377,232.1,37522,48994
7617,40.14179,-76.28356,210.8,76200,96649
5660,32.75827,-117.1321,304,38472,61360
8210,34.09422,-118.0089,400,55930,67989
6768,37.69956,-122.4806,740.9,47548,56287
3087,37.99699,-122.5932,709,75848,99901
5593,33.66657,-117.3294,152.9,30202,44835
4371,33.97137,-118.2983,357.4,39663,50057
3960,34.09352,-118.3192,655.4,30129,44162
5520,38.26657,-122.0393,198.6,48455,56592
13665,33.11109,-117.193,576.7,81692,105474
5568,33.71051,-117.8906,446.5,70667,87445
5648,33.73621,-116.2848,452.8,85110,111624
3868,34.22066,-118.2414,591.3,73781,83698
4468,33.94067,-118.1463,436.2,66296,71111
4085,37.25278,-121.8599,599.8,61611,82899
4828,34.2341,-118.5362,445.8,55983,68257
4783,39.10776,-121.6244,221.6,56061,76198
4177,39.94647,-75.21604,332.8,38038,54632
3823,33.99267,-118.2769,323.9,29148,40942
3685,32.79443,-115.6756,163.7,48696,58705
3375,34.25339,-118.5352,463.1,67548,84989
7833,37.94068,-121.9627,576.2,117975,125648
3016,34.11282,-117.7897,483.7,80417,85772
3717,32.74881,-117.0551,337,58750,68357
2654,34.05273,-118.387,951.1,83304,185394
5264,33.69368,-116.2323,239.8,55372,67648
3920,41.95588,-76.76355,102.9,41299,51540
3070,40.09753,-75.37224,273.2,70083,84301
5814,34.07744,-117.6368,242.3,57500,62001
4974,38.35301,-121.9975,363.9,52500,83790
3315,37.49063,-122.2521,943.4,136786,156184
7139,33.90086,-118.2956,357.1,34630,46539
3732,34.21434,-118.6205,461.5,88125,95128
4101,33.87129,-117.8901,405.2,69333,71962
6481,36.76699,-121.7538,349.6,46795,50504
3738,34.19056,-118.4352,436.5,50584,68672
6613,36.3103,-119.6431,120,30750,37819
3538,40.88117,-75.10792,250.9,57333,74025
5162,34.07436,-118.0991,453.5,44965,56868
4922,38.68114,-121.3259,179.1,45865,58475
5110,34.2973,-118.7033,610.3,101382,123624
9116,37.37998,-120.7237,225.4,47756,60568
7119,33.861,-117.3142,286.2,48779,70078
6504,38.10118,-122.5825,695.9,67083,90630
3579,41.25883,-74.92299,216.1,60824,66066
5318,40.03107,-76.30847,83.9,27091,34502
4735,34.12815,-117.3644,282.3,50938,64740
7689,38.67295,-121.5182,296.6,100568,97979
1749,33.62328,-114.5606,164.4,37750,66472
6763,38.4665,-122.6754,418.3,62098,71543
305,34.41231,-118.1995,617.6,136591,168747
3395,36.20032,-119.0894,54.6,22614,35703
3778,37.77488,-122.4374,804.6,72355,99545
5093,37.68332,-120.9684,268.3,52663,66312
7399,36.9239,-121.7552,485.7,53636,77303
2256,40.32666,-79.62572,70.8,27109,34895
3491,34.02403,-118.2626,347,23988,39283
7506,40.76617,-76.32485,92.5,49948,55667
6678,38.12761,-122.2136,366.6,103500,110704
5577,40.07667,-75.08034,211.2,51125,56575
1656,41.3908,-75.09651,207.1,37738,50948
5269,34.05578,-117.9167,428,87722,88326
2840,34.07852,-118.169,350.7,56250,64768
4014,32.59834,-117.0636,118.3,34767,44143
2030,34.18844,-118.3839,248.6,42667,57997
4268,34.06245,-117.3258,209.5,33909,40526
4687,34.1949,-118.4063,418.9,34172,44937
6156,37.80596,-121.1904,226.2,58785,71545
8760,40.30231,-75.86854,179.9,70376,74980
5043,32.69595,-117.0647,307.4,71302,91002
3376,40.03466,-76.32109,94.5,43669,48518
4555,36.77227,-119.7789,146.5,28810,38328
2885,34.22333,-119.1832,371.5,62555,66736
3558,33.99318,-118.2023,312.8,40959,51291
3648,34.21387,-118.3442,471.9,101875,106056
3903,40.01707,-75.05896,103.5,32933,38179
3709,34.04931,-118.3716,668.4,57776,79237
6065,33.74016,-117.7817,530.4,83212,116965
4966,40.45385,-79.69431,218.2,86495,109215
6081,38.16003,-122.2423,363.9,78750,91839
7533,33.91345,-118.1241,444.3,66574,75900
3881,34.11021,-118.202,460,42269,59351
5867,37.35822,-121.9542,493.1,53919,72029
3438,37.80582,-121.2312,203.7,47679,59867
7723,37.99375,-121.877,369.1,71339,104041
2599,37.60035,-122.4167,914.6,102932,115583
4157,34.16008,-118.6105,651.2,102346,127021
5279,39.84045,-75.37384,55.1,22459,35575
6935,39.7926,-76.97341,143.7,54375,55555
5362,33.9843,-117.9034,337,34821,42993
5514,37.93543,-122.0745,589,69941,102605
3679,32.78812,-117.196,598.1,75776,91263
7159,38.46631,-121.4266,202.3,32313,40820
3293,34.25569,-118.426,323.9,48047,51339
4996,37.9488,-122.0444,284,47621,55652
4407,40.33678,-76.86817,169.5,73689,98799
8564,40.25113,-80.17261,170.4,68471,78748
320,37.78177,-122.5072,548.1,75833,92811
7006,33.10083,-117.2473,592.5,93561,116271
2301,36.74684,-119.7088,190.8,42643,50085
4795,34.09208,-117.9314,366.7,80625,79842
2295,33.82396,-116.4886,195.2,50000,53769
3685,40.33994,-80.06721,285.7,116932,161570
3495,38.55451,-121.3416,244.2,55313,59063
2668,39.94384,-75.2607,150.7,56414,66164
2291,40.17593,-75.08952,275.3,68750,78226
3623,40.20164,-79.7073,115.9,46250,57590
5650,40.17141,-74.80371,47.4,54724,61666
3822,37.66347,-121.1054,390.7,61994,77433
5504,34.1426,-118.238,482,38400,50501
8386,34.10412,-117.2664,146.6,31689,37968
7271,40.31374,-76.08213,209.5,67425,76658
3015,41.02653,-76.40391,190.9,69796,112658
9983,33.75393,-117.8793,437.6,45793,59321
4669,33.93062,-117.2249,172,30833,42965
2447,40.44796,-79.92775,417.6,54509,116259
3355,39.91192,-79.65895,78.4,44321,50976
2633,40.33315,-78.91207,33.6,21152,28196
7327,37.46886,-122.1467,438.6,49762,62449
3297,40.24747,-75.64827,125,33733,44607
4108,39.87519,-75.69476,429.8,104695,140431
4686,34.08807,-118.1395,516.6,46422,56327
4554,33.82527,-118.1103,494,110703,116176
1564,39.53587,-122.0332,348.5,44722,71319
7225,32.72926,-117.2245,687.4,62857,75783
5512,33.69918,-117.895,355,68598,87505
2937,34.01704,-118.4383,889.4,83274,122428
6677,40.13708,-74.87066,231.3,54500,64617
4209,40.26344,-80.43109,139,56328,67937
2719,33.92052,-118.043,337.8,55523,56764
1948,32.72482,-117.1626,350,38125,45238
4756,36.71357,-119.7413,124.8,26111,38140
2169,41.52851,-75.5479,123.1,40040,48370
5474,37.3179,-121.8422,384.7,67000,72093
6071,39.12338,-121.6158,153.2,41612,45508
1687,38.14825,-121.2829,396.8,102763,140804
5881,32.94795,-117.1464,638,136488,139550
6769,33.93932,-118.2336,301.7,38243,44519
3256,38.08132,-122.1792,472.1,102546,115523
2660,40.1401,-75.1061,256.5,69593,75195
6991,40.26406,-76.56406,221,72326,86662
3772,33.53265,-117.6961,707.9,102560,125764
4430,33.54666,-117.6969,691,117361,145758
4459,37.58228,-122.019,472.8,71000,76585
5133,36.67724,-121.7949,439.6,42338,65394
4213,33.79382,-117.8354,604.8,65927,87041
6617,33.97295,-118.1963,334.1,36442,43641
5623,37.48294,-122.1916,568.7,67122,82082
2408,37.79034,-122.4139,501.6,54059,78481
2935,33.87211,-117.6021,360.8,62938,83145
2472,34.04915,-118.2826,852.3,26189,27592
17679,32.58031,-116.9986,391.4,83017,86795
2940,34.1319,-117.2365,191.7,26105,30826
2696,40.347,-75.92892,98,32266,35188
5518,37.99415,-122.3192,402.2,59542,72791
5451,39.98383,-75.10678,117.3,34124,45393
8631,33.86399,-118.0047,440,45489,56618
4534,40.31403,-80.07888,223,115929,153075
5488,33.69418,-117.9738,735.9,96550,130101
2262,37.4751,-122.1703,911.9,137500,169305
7316,32.77099,-117.0636,422.6,34888,47812
6445,34.03376,-117.7451,278.7,53354,67019
4022,32.77079,-117.0491,365.5,53575,60643
3430,40.21455,-76.87557,215.5,61917,89673
3953,35.40318,-119.3893,166.7,46250,55327
3114,38.36745,-122.2629,914.9,119681,160640
4179,34.06333,-118.2807,544.1,21746,29865
3866,38.68069,-121.3539,155.8,46212,52962
3127,40.18048,-76.19159,156.5,40960,51726
4965,38.65927,-121.4516,196,56042,63206
4552,38.21741,-122.6301,707.7,102802,124953
4502,40.25805,-79.84937,104.3,57612,62580
2035,33.89063,-118.304,439.9,33015,48743
5373,40.0647,-75.01413,206.7,47818,57853
4354,34.00369,-118.442,727.9,79107,109590
6087,34.05274,-118.4254,883.4,89567,127634
5463,41.37413,-75.74061,139.1,49730,56847
4086,40.04746,-74.98734,187.5,43323,67737
4589,40.96123,-75.99682,97.8,33694,38515
3213,40.29266,-120.5126,280.9,72015,79357
4351,34.22615,-118.5497,443.3,36154,51697
7547,41.93297,-79.98084,127.9,51250,63310
8695,40.01495,-76.3251,152.6,46615,52924
2284,40.30956,-78.93859,104.7,50424,61741
3187,41.40581,-80.39046,64.4,22198,29716
2025,40.39381,-77.61668,103.5,34559,42944
6562,36.73578,-120.4034,166.3,23239,28198
3366,34.12545,-117.8855,340.7,52468,59940
8988,32.86832,-117.203,607.5,82468,107015
3971,40.47515,-79.92312,158.8,47663,64325
2789,34.02871,-118.2679,287.5,31121,34880
2845,41.28455,-75.89357,80,27917,35425
2099,37.75871,-122.4068,824.3,69125,99187
3337,37.68944,-121.7251,607.5,105000,114454
2521,33.94898,-117.4888,270.5,60288,76149
2569,32.75043,-117.1996,491.7,30082,47875
3453,34.04469,-118.3269,554.2,39075,52333
3106,40.77282,-77.87466,239,72604,76029
1952,39.22214,-123.7285,534.8,35028,53604
4397,34.60443,-118.1916,302.4,82188,100271
3935,39.99149,-75.16756,49.2,31621,36843
7858,34.151,-119.1828,347.2,35823,45740
3549,34.17589,-118.3828,564.7,51364,74556
6881,40.80716,-77.92655,233.1,58409,98093
2941,34.00506,-118.4223,804.1,82263,100839
5417,37.93088,-121.2575,127.8,29477,39033
5700,34.00694,-118.4846,845.7,70910,99306
1440,40.58846,-79.75758,90.4,38879,49070
5074,34.03004,-117.9217,347.2,71307,77877
4442,34.02551,-117.0485,38,33661,40663
3708,38.00483,-121.3237,224.5,38125,49929
3309,40.96502,-75.96505,91.3,32240,39873
2967,34.19219,-118.6104,464.2,72944,81647
4611,37.50733,-121.9272,905.5,138239,169486
4134,42.08656,-80.09838,98.4,40691,50174
3526,33.9785,-118.3013,246,21652,41558
2798,40.25919,-79.76548,136.8,46429,55520
2055,38.28978,-122.3573,894.2,88409,114361
4953,40.15209,-75.18987,496,121607,157542
3301,34.19617,-118.4118,392.1,43317,56574
5412,34.27502,-118.4063,230.7,40516,48804
4005,33.982,-118.3337,360.8,30570,36387
2484,37.32274,-121.8557,534.6,35434,55280
2564,35.44301,-119.0034,164.3,37276,77635
8810,34.98234,-120.4459,226.2,56274,71103
2567,34.1885,-118.4254,484,30703,43890
1844,39.76375,-120.6098,442.9,58750,75108
4724,34.17073,-117.2844,214.6,37010,49480
3025,40.61299,-80.27478,89.9,36523,43030
3500,40.31279,-76.59755,123.2,45472,71038
4158,40.23661,-76.8388,84.6,36680,42917
4953,33.8522,-117.9927,444,72150,85725
8947,39.8605,-75.52815,388.6,72549,109818
7458,33.32935,-117.0678,393.7,75738,81555
5164,37.79105,-122.4187,721.3,60420,78096
12112,35.27598,-119.0503,228.5,66250,68432
6969,38.22371,-120.632,279,46294,59228
3592,33.19603,-117.2756,364.1,45037,55649
5031,40.05081,-75.4535,439,108958,150628
2510,40.50736,-80.01058,117,56038,74101
909,39.16344,-120.1495,632.4,61976,69878
7344,33.21797,-117.2755,350.2,60672,73044
3682,34.01852,-118.1281,433.1,55281,70347
6936,37.37383,-121.8665,626.9,94943,108873
2890,33.75109,-116.9514,153.4,22446,38657
5956,37.6864,-121.8664,678.7,125000,146915
3355,38.72289,-121.3876,272.8,86991,99430
4841,34.07373,-117.4441,211.7,39625,51575
3779,41.07649,-78.85711,76.5,37306,45462
4204,39.77647,-79.96022,56.7,41991,53630
4140,37.68501,-122.0518,508.4,81659,90913
3895,33.9169,-116.9583,240.1,85766,87105
6564,41.4811,-75.59215,141.4,42334,54383
5447,34.09452,-118.1196,481.4,50134,63545
5949,34.19642,-118.5713,373.7,64739,76687
5254,40.20397,-74.92695,367.2,92250,108297
7726,37.02613,-121.6082,650.6,128400,130058
4186,41.96964,-77.05264,106.4,43295,51827
3332,38.20432,-120.3827,452.1,59277,74450
2991,40.24712,-75.63067,143.9,52604,62619
5176,34.12456,-117.3184,164.4,31780,39366
4967,33.88648,-118.2879,383.2,43750,53654
6825,38.65323,-121.1523,455.7,115298,126379
2352,40.4468,-80.05304,76.3,29836,39848
5012,33.77786,-118.0537,769.7,110083,128723
4052,34.06694,-117.6409,305.4,33676,47159
4053,40.6742,-77.61409,151.2,44219,55114
6133,39.98536,-75.17019,66,13265,29620
6621,35.03101,-120.4795,357.8,59698,73773
2721,39.94042,-75.17269,277,51232,68594
8491,37.94436,-121.7311,464.8,99263,114381
2383,34.14023,-118.0706,531.5,67188,85763
5454,42.12359,-80.09755,72.8,26895,36030
3060,33.61438,-114.5859,173,55303,59282
6379,41.2288,-77.0013,112.4,49139,54459
1409,41.26707,-122.1208,218.2,36806,45028
2519,40.16064,-75.20951,285.7,91354,100497
3635,34.03175,-117.931,366.6,77500,82397
3609,39.94846,-75.16762,300,70762,108269
3102,32.83568,-116.9745,198.1,36115,52470
3115,40.03848,-75.49608,320.6,88424,101870
3976,38.27797,-121.5391,350.4,55403,71659
5015,33.64433,-117.6772,412.5,74241,97372
2099,39.90921,-75.75662,386,90987,146800
2816,34.0386,-118.292,465.2,27958,37053
3332,39.96658,-75.21941,63.1,33333,38431
37452,33.30271,-117.4149,318.3,45941,49973
3010,39.9564,-75.21729,203.3,29766,37920
6189,40.80786,-80.11426,180.7,71062,80583
1543,40.3476,-78.88515,36.6,30833,38909
1710,41.25546,-75.88776,139,35139,49686
5147,40.59563,-79.7202,136.4,45000,58718
3645,33.97502,-118.2178,537.5,35601,41655
3350,40.54499,-122.3232,395.1,80500,102207
4059,34.42809,-119.6845,703.6,63911,70635
5171,33.85595,-118.1924,186,39890,55696
4185,33.94053,-117.4857,230.6,57120,65162
1778,34.28699,-119.1479,227.4,35272,44005
5327,33.66921,-117.7968,667,76532,98128
4085,40.02632,-75.13794,81.7,28362,37190
1880,40.41704,-79.86208,79.1,31445,44470
1587,40.25589,-75.68113,152.3,62521,58074
3144,33.93383,-117.9722,430.3,75368,77567
4269,39.98617,-75.17947,41.8,12170,21804
1379,41.26256,-75.88974,112.5,51193,61469
3720,34.26899,-118.4563,314.7,65000,82529
4615,39.14716,-121.5922,163.3,31290,38990
5125,41.15574,-80.08655,100,50583,52682
4395,34.05103,-118.0149,299.6,52734,61013
2957,33.98707,-117.7247,471.1,98125,105231
3635,34.01595,-118.4181,688.4,53779,70004
1497,41.43801,-75.01932,198.4,43059,60744
3819,34.25662,-118.3564,691.8,103173,121198
3206,34.07421,-118.139,538.7,58333,73319
4070,37.28217,-121.9697,697,99815,117789
3070,38.66984,-121.7702,320.4,65083,72810
3003,34.19984,-118.9012,939.9,142344,187673
7292,32.86136,-116.9153,316.2,48542,66198
6491,38.80206,-121.3328,405.4,106599,119004
5137,37.7767,-122.4759,919.1,70120,89818
4027,37.65384,-122.0936,383.3,71586,79895
6126,36.21853,-119.3597,174.2,36191,47430
4009,37.16363,-121.9817,909.9,123050,158302
4146,40.4302,-120.6596,188.9,52300,62887
6029,33.73848,-117.9417,446.2,74211,81982
2121,40.50304,-80.0665,90.3,31445,41592
2190,40.39404,-79.8089,48.9,20805,30201
3346,40.30768,-80.1432,163.2,60792,69937
3335,41.28954,-80.46754,131.8,59750,67632
4903,37.97485,-121.2952,147.4,45389,60757
2358,38.58236,-121.3255,342.5,74432,107456
4270,34.21269,-118.5908,372.9,63682,77803
6256,37.98496,-121.3236,296.2,37509,49099
4490,34.26743,-118.5346,563.5,123371,130037
7809,33.95023,-118.1052,520.4,61285,94531
6117,36.32062,-119.2881,164.4,29844,44805
4459,33.73308,-116.2257,172.6,34232,42272
5912,33.82155,-117.9137,338.1,42299,50835
5024,33.99235,-118.3265,389.7,47857,64297
4901,40.79701,-124.1692,239.4,36910,43911
3519,36.19531,-119.3614,160.1,39205,45302
1569,37.81025,-122.2774,347.6,35080,48131
4500,33.72468,-118.0483,412.9,64525,83474
2331,40.14064,-79.90382,39.9,26232,35418
5797,39.78958,-121.9051,414.1,70382,84783
4114,34.17459,-118.4582,488,51810,74573
2393,40.08906,-79.54643,113.4,34288,47392
4618,37.3315,-121.8475,275.7,42561,53051
4450,38.00257,-121.2847,168.9,46532,58864
4337,37.79498,-121.9369,830.2,166389,190790
3683,34.04023,-118.1561,414.7,19353,41830
3943,41.22631,-75.91635,103.2,34863,49216
5281,36.31707,-119.7778,206.9,60429,70352
942,34.09508,-118.7648,730.4,110769,127095
1917,40.53687,-78.40603,101.8,48299,56745
4530,34.0663,-118.1194,425.5,31174,39905
5373,38.56382,-122.451,835,78375,128407
6310,34.08391,-118.0263,382.7,32205,48426
4795,33.97019,-117.8412,591.1,107009,140995
4764,40.69048,-75.2188,106.5,33403,42830
1759,33.39956,-117.145,530.4,50167,60128
4356,33.97656,-118.2243,321.3,24493,33230
3138,40.32861,-75.88962,137.4,53125,58392
2654,40.78677,-77.84308,235.8,57639,78255
4357,34.05851,-118.0953,498.4,38640,47502
4928,40.577,-122.4006,242.1,28705,41779
4444,37.35498,-120.5854,142.9,42225,47462
8167,37.64649,-122.4615,567,88083,97819
2815,39.93512,-79.69842,91.7,41938,54521
2359,38.10841,-122.2594,284.2,43292,52635
5591,40.3647,-79.10345,92.3,42292,52716
2635,40.44334,-80.03906,53.5,30917,38627
1461,42.10721,-80.141,125.7,36492,47727
1474,41.43201,-75.65262,85.9,38854,45316
4766,40.26672,-78.83964,135.3,34276,59476
2855,39.85413,-75.3937,97.6,58448,61648
4287,35.38182,-119.0306,249.5,46425,86030
1848,36.72818,-119.7109,339.7,89250,110542
4226,40.42196,-79.76028,166.6,41184,63223
5269,41.45068,-75.36848,176,53284,62876
5869,37.57212,-122.0519,617.6,118125,121436
2789,40.52002,-75.50934,271.6,69968,81040
4254,36.88892,-119.7673,307.8,77500,118577
3460,33.67336,-117.8083,645.5,94838,118848
4667,40.25257,-75.22175,336.8,117813,125164
4439,33.9579,-118.1677,342.2,30959,39009
3188,34.2242,-118.5317,462.5,45605,58362
5673,32.72945,-117.1201,561.8,81811,90238
4153,33.94888,-118.2164,264.4,31397,39240
4653,34.48855,-117.3417,162.3,66163,62397
5575,34.09968,-117.8307,333.2,72679,78686
3797,38.7924,-121.2349,243.4,59417,67907
3191,33.99992,-118.2893,330,25060,33123
3339,40.10766,-80.2887,153.6,56563,67948
4816,41.26674,-75.90827,87.8,27719,36714
5255,33.2081,-117.2669,297.9,60965,69584
3175,36.75598,-119.7119,162,34593,45211
2202,34.05039,-117.313,140,31861,38085
6700,33.77106,-118.1484,681.1,57977,80428
5252,36.71829,-119.8005,98.4,24748,29126
5092,37.44144,-121.8976,691.6,118357,127163
4024,32.79112,-116.9376,257,44382,52843
1783,38.26852,-121.2794,435.8,96908,90020
4531,37.48515,-122.2416,911.4,88021,123584
6040,40.06204,-75.07372,197.9,44865,60614
6825,34.47032,-117.5418,204.4,57414,62571
6599,40.02657,-75.05559,131.2,40969,47664
2941,33.92796,-118.0838,318.5,52446,60155
6564,34.08171,-118.0145,439.1,49420,59471
2727,39.82655,-79.04741,94.3,44519,58356
4316,34.25291,-118.6055,425.4,81902,96171
4564,34.07301,-117.3354,204,45885,48811
2991,34.19695,-118.4688,457.9,28083,37115
4320,34.29068,-118.5198,842,116528,154291
8384,37.98286,-121.2726,171.3,33514,45957
4796,38.35618,-122.6942,441.7,55052,66091
2356,41.82253,-79.07281,81.2,45750,53361
4212,40.54199,-80.02056,131.9,41595,50915
3894,35.34414,-119.0832,387.2,101974,138982
3412,33.9661,-118.2631,324.5,36144,37064
4332,39.21127,-123.2129,312.1,51597,65199
4832,42.08592,-80.18561,123.6,52452,80855
2253,35.00374,-117.6661,97.7,36687,49461
4744,40.08058,-74.98701,205.2,52611,61897
2557,40.54188,-76.95583,99.4,41579,49168
4567,40.12355,-75.65916,497.5,112778,157657
5537,38.63448,-121.5293,298.5,80405,88223
2544,33.7373,-116.9818,88.6,26227,33211
5495,37.7134,-122.4668,571.9,73871,78197
4988,38.14913,-122.2601,310.9,56021,67101
4449,34.01108,-118.262,367.6,28538,39663
4932,32.68267,-117.0624,348.5,53125,62354
1245,34.90705,-119.7322,171.6,46250,67927
4009,40.29077,-75.211,345.1,94962,109981
4120,40.17375,-75.18802,441.6,129045,155860
5103,38.30078,-122.4627,582.6,67866,100277
3249,39.13303,-121.6277,177.3,29940,39771
6241,41.00006,-75.20903,231.8,55202,67310
3458,40.087,-75.7725,407.2,115313,124785
5892,38.19006,-121.2585,394.1,54831,89093
6672,34.07722,-117.8673,583,88240,107012
3251,41.62843,-79.66731,66.4,22420,34660
5543,40.04468,-75.01287,140.2,34216,44493
1696,39.91843,-75.31958,313.8,69583,109075
2922,39.96534,-75.16919,498.1,77438,98839
3389,34.06708,-118.2954,196.9,39725,47562
6002,34.23864,-118.2365,780.5,109087,138759
3560,36.81931,-119.7591,220.9,32056,43918
7360,40.71267,-80.19977,123.2,57156,64225
5170,34.05424,-117.738,260.5,31667,43171
6068,34.51476,-117.3005,151,30856,39212
3603,34.02947,-117.7359,251.7,53713,64509
3656,37.77763,-122.4961,960.1,88289,94782
9084,40.30886,-76.01304,223.3,77261,86719
3598,40.87159,-78.21112,97.5,49572,57613
3156,38.55692,-121.4937,404.8,77818,102249
4376,36.31641,-119.3431,167.1,56429,66475
3319,34.04532,-118.3136,393.3,25618,34810
8117,33.88522,-117.9877,545.2,81154,100618
5485,40.49638,-122.312,251.8,49318,64796
6696,37.53409,-122.0284,455.9,74141,83087
6224,37.67171,-121.7761,540.7,85887,95071
6902,40.52179,-79.77058,151,71200,81604
3922,34.12291,-118.1821,458.4,62386,87619
6488,37.80442,-121.2045,256.7,62998,66253
2592,41.44013,-75.64983,81.5,35929,41651
1569,40.6849,-80.25191,60.3,30469,38399
6042,37.65929,-120.9666,208.4,44629,61932
4989,33.80852,-116.4703,199.8,37982,47782
6099,40.49481,-78.74335,114,46837,62576
7301,37.56413,-121.973,528.8,102708,118551
4016,36.3033,-119.2985,306,74769,98206
7804,32.67814,-115.5146,161.4,42633,51668
4339,40.56012,-80.00175,205.7,92516,105940
6866,34.04904,-118.1165,517.6,78321,83665
3205,34.19463,-118.3406,473.5,45197,61071
4781,40.87177,-75.73976,132.7,50893,75348
2873,40.61747,-79.15702,121.9,7612,8093
321,34.23863,-119.1856,48.6,30066,27591
4496,33.85334,-117.7512,866.6,142846,162042
4923,40.60059,-75.7002,331.5,80217,96364
2817,40.78155,-76.34494,41.9,36487,44242
3950,39.94302,-75.17207,388.4,53894,89770
5719,38.7824,-121.3351,414,102292,112906
7357,39.27259,-121.4281,360.8,72526,85171
7575,38.78573,-122.5787,287.6,54969,67283
2919,32.9502,-117.0248,441.8,93958,92138
6991,33.86138,-118.0792,464,57823,71022
5176,36.81592,-119.6717,290.5,93925,97634
5682,34.02242,-117.6831,339.4,58923,66344
4161,40.6739,-75.26232,212.6,61875,72036
4363,39.81345,-78.70011,107.5,41054,47299
8419,37.32781,-120.5405,205,59107,84716
6590,34.13207,-117.2898,143,27649,36506
6638,34.17374,-118.111,656.6,74489,114329
4458,33.94828,-118.2102,422.8,38457,46680
5001,40.26623,-76.6377,240.9,70108,97335
5796,36.7249,-119.7457,123.2,31625,38845
4021,32.91495,-117.0759,646.1,130375,141159
5518,33.70706,-116.2271,185.3,29500,40924
7649,37.66431,-122.4171,657.9,83021,101734
5651,32.7523,-117.1208,233.7,43409,49056
2015,40.34828,-79.85332,36.7,31648,40854
4748,40.21284,-74.87559,273.5,80625,88003
4587,33.87791,-118.2043,276.5,32750,43097
3426,33.98178,-118.3222,303.9,54053,62574
3283,37.88692,-122.2875,714.1,107455,111933
7993,37.62301,-122.4094,647.1,62543,70091
2791,34.05057,-118.277,760.4,26178,30795
7972,40.0003,-75.11558,59.7,21090,31552
6159,37.55691,-121.9695,325.7,104634,120563
5240,37.27735,-121.8525,241.8,85221,100356
4015,39.80734,-76.99372,152.3,43966,49621
1858,32.70887,-117.1449,376.2,24489,35841
7868,40.12484,-76.18783,175.3,55926,73415
3883,37.57735,-122.0745,517.7,93333,105355
6439,34.13596,-118.2358,529.4,43926,63208
5095,38.2868,-122.2698,430.9,59500,75851
7145,33.95927,-118.0949,378.9,77958,75924
2319,34.00661,-117.9561,362.6,52601,67460
4150,33.94923,-117.2534,153.5,44387,57181
2221,32.7636,-117.1807,337.8,63125,71269
3401,41.23223,-75.89461,74.8,36466,42615
4008,34.03095,-117.9442,297.8,55811,61749
5979,38.92348,-121.1053,404.7,55669,75363
3064,40.17163,-74.91739,348.3,75114,94809
4807,38.56954,-121.7394,616.3,113393,125668
5141,33.80328,-118.105,554.1,94474,129687
2645,34.17015,-118.5382,425,51435,54696
4051,33.96727,-118.1547,335.7,37813,45733
7107,40.1468,-76.78999,155.3,67203,71098
3105,41.58732,-77.1008,107,41941,51565
2642,32.86699,-117.2353,389.4,35114,49765
7033,41.00119,-75.35083,227.2,60222,73951
5047,32.62253,-117.09,337.8,40729,59757
3551,39.7526,-76.45858,253.4,71638,78039
2014,40.39258,-80.03268,88.5,42794,47898
4815,37.67265,-120.9518,220,66667,70578
5208,36.8049,-119.7636,206.6,32939,47045
4328,34.07484,-118.2692,511.4,31250,41589
7635,33.25649,-117.3039,382.6,63804,78377
2896,41.0241,-78.44557,87.9,44972,61912
4609,38.23138,-122.6321,555.1,65905,78279
5492,37.76497,-122.1838,280,33539,47571
4599,39.76214,-121.6228,220.9,46431,49464
5570,32.929,-117.0842,618,134261,145743
3831,37.7527,-122.4904,665.9,97929,111898
2987,36.62719,-121.9291,871.5,78856,101332
1388,40.38115,-80.39169,99.8,49792,63236
4084,33.87826,-118.295,371.3,42610,54185
2471,34.1066,-118.2351,429.8,49808,56945
7483,33.83534,-118.015,414,58375,71626
6114,41.78811,-79.74067,97.1,37008,49088
5918,36.29032,-119.1455,196,42266,56053
4273,34.04709,-118.0219,405.7,48542,61233
5678,37.83126,-122.2722,369.8,40402,50056
4684,40.12474,-75.11059,342.6,90227,131992
4176,39.8982,-80.18579,80.5,35486,45899
5780,39.95308,-77.03621,198.9,61646,83407
4597,37.80512,-122.2447,569.7,59332,72401
6433,38.05369,-120.205,345,48677,68819
3333,40.11362,-75.16217,236.7,64333,74297
3718,40.05591,-75.19494,252.5,78411,86164
3986,41.96452,-75.73891,104.9,43571,49829
4103,38.8638,-121.1002,534.3,69444,97047
2683,36.98119,-121.9863,585.3,57361,69611
6973,33.96321,-117.4096,272.9,48913,62309
3991,40.04459,-75.08427,137.4,38462,48817
5044,38.87823,-120.9918,386,81477,91569
3440,40.62525,-75.4753,175.1,46624,53902
4131,40.98617,-80.32751,56.8,33478,43687
5267,33.96362,-118.2983,354.3,35645,50314
2354,33.66397,-117.951,768.1,89375,103405
2978,33.75632,-116.2679,367.5,45647,65410
5089,34.16103,-119.1585,234,61350,66365
4113,34.01818,-118.3664,533.7,63930,72734
2249,35.56569,-121.0911,755.9,74531,94526
5016,38.33203,-122.3122,460,75926,88568
1371,34.54203,-118.1284,530.9,88857,81837
3984,33.21634,-117.2501,303.4,53632,62674
6256,37.41547,-121.9547,83,71662,80215
2584,40.49891,-80.06751,75.1,36705,40683
5486,33.56514,-117.1728,308.3,78973,86025
5396,40.01799,-78.07739,149.1,44070,53257
3279,32.67116,-117.0774,315.4,41894,53917
5706,33.83134,-118.0309,454.5,59120,80137
4996,32.8139,-116.9278,381.4,72699,76693
3832,38.52657,-121.5709,400.8,102679,101667
4948,41.11065,-78.76763,95.7,41281,62826
7232,35.11819,-120.6132,420.5,51136,61885
3855,37.95818,-121.9592,479.2,73048,91795
3843,40.39433,-75.497,210.5,58500,68890
4320,37.28215,-121.9366,418,68391,77052
3873,40.76355,-124.1776,319.5,34659,58424
2725,41.31792,-75.85082,122.1,54806,65277
4250,33.92832,-118.1517,451,61719,74049
2142,41.79162,-123.2997,152.4,26690,34892
3117,34.19919,-118.8825,640,84444,105093
2192,39.94008,-75.14768,568.5,62425,97306
6347,32.94514,-117.2334,448.5,86803,93216
3665,32.73599,-117.129,694.2,72500,95854
3946,38.29211,-120.9059,283.8,55625,68578
3536,34.69506,-118.1083,204.3,57155,60216
3873,40.03955,-75.15418,78.6,31701,32922
4434,37.9422,-120.6226,308,66635,78528
3839,37.37303,-122.027,655.9,75566,92823
3995,33.76579,-118.1714,383.4,53783,68267
2794,33.90036,-118.0519,366.3,50938,61238
3970,34.11218,-118.0111,485.7,76250,79973
3712,34.09348,-118.216,492.7,43776,65485
5343,40.59166,-77.74743,117.8,39361,50315
464,34.50119,-118.0889,391.9,100909,97997
2620,34.18988,-118.6277,493,76354,109051
4699,41.18858,-77.33055,102.6,42677,51037
3165,38.41442,-121.4004,281.3,70192,83003
2640,40.55581,-80.23141,129.8,55329,71122
4010,37.56252,-122.0544,656.8,135600,130851
2837,33.77893,-118.1937,223.4,24250,38689
6921,32.95724,-117.0878,528.2,104978,114377
1446,34.29056,-118.6201,702.5,110636,146314
3803,33.14786,-117.0867,321.6,52911,74247
4594,33.50443,-117.1349,241.2,51070,58444
4308,37.57759,-121.9686,636.1,101597,110619
6899,40.03272,-75.63604,370.9,88810,106124
6887,39.76104,-77.36015,244.1,73483,91766
2909,34.3994,-118.5299,506.7,117000,142606
2126,40.38385,-79.80823,70.9,42154,46956
2031,34.21926,-117.0987,231.4,47054,55088
8605,33.74645,-117.8666,380.1,37428,52526
3599,38.61595,-121.4209,160.3,26797,35342
4584,41.92128,-77.76994,92.5,38931,50910
941,34.35885,-119.4244,829.3,75568,133962
8192,39.74687,-122.1894,208.7,45530,52223
2130,40.45476,-80.02461,89.4,32620,50863
3137,40.68333,-77.4208,101,43153,48602
12240,35.43219,-119.0312,171.7,56309,62924
7518,33.92485,-118.0763,370.4,56250,69148
6648,39.99212,-79.93299,67.3,39471,44993
4011,38.71908,-120.9963,457,87390,101349
2901,38.44326,-122.5935,476.8,50985,64560
3203,40.27463,-79.91334,108.1,60723,71697
7143,33.67896,-117.9935,553,55492,69007
3957,36.69035,-121.6676,336.6,72500,74389
3841,33.08882,-117.2432,480.9,71719,90473
6706,38.74699,-121.3048,304.6,59092,67687
5374,37.25485,-121.8125,99.2,59740,74963
4430,34.42159,-118.4495,198.6,48505,54474
3729,36.20257,-119.3351,139.8,26574,31666
3446,32.79665,-117.0729,441.7,77083,88260
4725,32.73627,-116.9647,339.3,71849,78790
5829,33.55739,-117.6946,499.5,92292,126363
5066,34.0191,-118.1402,395.3,39688,43897
4461,38.63443,-121.3769,265.3,46139,62827
1021,41.32419,-74.80191,350.9,36442,61436
3975,39.84873,-77.25497,239.1,56276,70856
3271,37.76405,-122.2691,431.3,75039,82951
2206,36.68173,-119.7299,184.8,21677,34767
2130,40.7476,-75.25718,221.1,60197,69552
4930,39.53442,-121.5605,188.9,40290,51618
5691,36.14041,-120.3534,193.8,41336,55933
3343,33.75835,-117.8146,660.1,106607,142437
4984,33.57137,-117.6645,611.4,81705,91333
2419,32.79001,-116.9795,371.7,77000,88376
3713,33.72089,-116.9978,170.5,38945,46479
3586,39.94515,-75.16247,361.7,50199,70281
2126,34.06953,-117.8992,357.1,83750,85620
2373,40.43847,-80.0676,105.1,41518,67028
3907,38.46175,-120.5565,296.1,57404,72696
4480,39.94161,-75.28135,173.2,68582,76343
6883,37.24232,-121.9129,701.4,110530,119410
3137,33.71097,-117.8624,293.4,73958,95344
3323,40.35596,-78.94303,41.8,23489,30922
3332,34.18259,-118.4265,584.9,50536,67256
3213,38.57234,-121.3444,233.4,66954,76872
2915,34.15215,-118.1036,562.8,60724,76579
4887,37.31987,-121.9196,463.1,38904,49919
3650,34.02103,-118.4065,468.3,45625,55378
4872,40.60959,-75.48247,98.4,27215,35103
4178,39.15594,-121.6402,278.3,57813,76357
4617,37.67097,-121.7617,752.1,112480,138990
3743,34.1494,-118.3712,525.4,51918,88344
5461,33.96736,-118.078,360.9,63633,73402
5614,33.82506,-117.9976,382.2,54177,68274
4307,37.97589,-122.3464,307.1,62604,71846
3010,39.97365,-75.16249,146.2,19688,28742
5116,34.01523,-118.1144,406.8,38517,53770
5427,40.99088,-76.63362,166.3,58140,74435
661,40.42852,-80.10151,97.3,53819,56366
4780,39.99706,-75.29762,276.1,71759,107997
4140,37.71138,-122.4068,553.6,40313,55272
4598,38.68351,-121.2125,254.3,48116,59905
1439,33.81619,-118.1781,476.1,62733,68718
4105,36.79049,-119.763,196.3,40435,44256
5344,33.90977,-118.1046,348.7,61273,63570
1931,39.9924,-75.23917,210.4,62011,85784
4606,33.81372,-118.3238,652.6,83281,105481
4770,40.31828,-76.86736,186.7,83689,105234
1044,41.20911,-76.01035,74.4,47368,46819
5195,40.71443,-122.0684,251.5,42011,59433
3011,34.04761,-118.4567,566,52367,68907
3990,41.21404,-75.94801,94.1,36346,51507
3460,40.329,-76.82559,243.2,91681,109073
5722,33.22687,-117.098,584.2,76777,100260
2374,33.72321,-118.3079,558.8,67250,79958
5345,40.01305,-76.55329,142.1,60841,74230
3814,37.70616,-122.0826,583.1,101090,104916
5048,37.80223,-122.2041,540,94565,108294
6563,38.53582,-121.43,248.7,57330,72273
6608,34.09715,-118.0799,465.3,58375,68078
4831,37.69633,-121.867,671,117821,158741
5629,34.04176,-118.1745,275,43073,51079
4873,40.77969,-77.78365,234.5,77900,111029
3197,39.95798,-76.74343,61.6,27024,34885
2621,34.03466,-118.2878,539.6,26705,37410
4009,33.96655,-118.4096,756.4,113457,136647
4594,40.3198,-75.992,146.6,54216,60499
6281,34.12834,-117.5522,418.6,126142,123031
4177,36.70347,-121.6591,299,55962,62587
3192,40.62297,-122.3771,164.1,29603,45413
2995,40.27554,-74.99474,610.8,102292,163200
7224,40.21636,-74.82506,455.1,132807,146620
4252,34.25327,-118.4657,386,54871,70700
3852,35.36085,-118.9988,119.6,23513,26721
6423,33.15012,-117.1742,427.7,50286,65636
5217,40.18573,-75.04396,324.6,62500,81899
6714,34.10758,-117.7999,432.6,70513,74865
3535,34.50805,-118.3161,634.5,101250,126513
5401,33.66542,-116.3107,250,61966,67738
3992,33.19866,-117.2977,373.8,67955,78838
3636,37.54835,-122.2973,720.7,102607,115350
7522,33.66916,-116.1885,155.5,30921,37500
4667,40.5199,-80.03778,117.3,51870,64960
3517,37.84894,-122.2647,579.2,62386,74604
4815,40.01001,-75.31362,399.2,103973,145993
3599,37.35443,-121.8477,406.3,35759,46927
5103,33.98624,-117.9409,531,62283,104492
5473,33.88129,-117.8816,284.4,37153,46118
4196,40.87204,-78.95189,86.4,39974,48902
7074,37.74227,-122.2484,762,132354,152379
4485,33.99062,-117.8799,420.6,57143,71432
2967,33.86353,-117.9549,404.1,66078,70273
3942,34.21135,-118.3927,289.8,33976,41041
9003,38.71558,-121.3392,268.8,85724,100519
4017,40.03085,-75.07785,121.6,38782,45080
2590,34.26954,-118.89,628.6,136833,148341
4782,35.3729,-118.9581,122.6,29107,35737
4152,40.23392,-75.28147,233.9,60287,68489
6277,32.72793,-117.0429,320.8,58075,66723
4056,40.6154,-75.47352,88.5,26212,37272
5069,37.77056,-122.4473,967.9,74261,100442
7890,40.43503,-75.78882,235.6,83018,93545
1533,33.94818,-118.3732,512.5,45123,54527
5171,37.96582,-122.3343,336.8,49118,60269
2556,37.90611,-122.2836,772.8,119792,138324
3433,37.90263,-121.5939,553.9,75948,113134
3033,40.56983,-76.31136,166.8,64554,69042
4871,34.07608,-118.1258,472.2,37619,53619
3118,34.12509,-118.1906,483.8,64539,75855
4342,34.44124,-118.5276,409.3,84988,91537
5504,32.74106,-117.1077,314.6,45179,54941
5156,39.73405,-121.6343,290.1,50924,59942
2690,41.23495,-80.48701,103.9,66000,74274
9352,33.81541,-117.2772,143.8,39044,46511
4396,36.60282,-121.8436,418.6,47830,61403
3851,34.23938,-118.3497,582.9,65714,73492
6807,36.70964,-119.5482,168.2,33341,48183
2530,41.08008,-75.78772,137.8,51932,63620
2400,33.8599,-117.5765,282,71440,79394
4467,33.78958,-118.0346,510.1,96577,102188
5520,36.76118,-119.7258,157.8,37157,45821
4423,40.04229,-75.16427,109.1,25047,39363
3265,38.13841,-121.3115,379.8,115313,132457
2036,39.93686,-75.17696,104.4,31559,40117
7176,33.5382,-117.1551,282.5,49817,67812
3269,42.14446,-80.0432,75.6,25139,37204
6900,33.59808,-117.6927,597.4,76946,100646
4052,39.77249,-121.8611,232.5,39022,50369
3471,39.89726,-75.26852,119.1,39073,56234
3204,38.77949,-121.2541,272.7,60571,65604
5099,33.91248,-117.9076,572.5,78519,87405
2200,40.12703,-75.12987,223.8,69417,78794
5500,39.93789,-120.9215,228.3,51415,53232
8132,38.01295,-120.2917,307.9,55036,71111
3351,32.6791,-117.0751,381.7,50134,55344
4378,36.31028,-119.3564,293.8,95217,107967
6317,33.98597,-117.9822,582.6,85994,99775
4140,33.79913,-118.2609,354.9,60372,72459
2725,34.11516,-118.204,407.8,60402,68695
2350,41.00619,-80.39095,98.4,42850,52136
3770,34.08896,-118.3119,591.2,34450,39235
1571,40.64374,-75.43503,136.3,45109,52826
2464,39.97654,-75.14833,160.9,13807,22169
6017,37.35929,-121.8276,414.1,67833,77152
6538,33.2395,-117.2551,463.4,72792,84102
6205,38.72317,-121.086,604.8,123504,144505
4978,36.82903,-119.8543,317.5,81154,95874
3401,37.55735,-122.2522,911.1,89922,114888
3112,41.64942,-75.26323,205.2,54521,65362
5067,38.51808,-121.4601,165.3,30610,40377
5624,37.64704,-120.7482,216.2,60909,67147
5968,33.90297,-117.4858,367.8,70221,81504
6352,33.84847,-118.1974,364.3,47585,63254
3075,40.40632,-77.83813,96.2,41042,49726
5059,37.59969,-122.3979,940.9,80139,114847
4673,36.74681,-119.7459,107.1,32974,44162
1369,40.45671,-79.94667,115.2,37500,41695
2565,39.21614,-122.008,213.1,39931,52063
3068,32.96872,-117.068,509,87152,96654
5370,42.16678,-79.83206,143.5,57208,68598
2819,34.18285,-118.588,758,94091,125077
15579,35.2833,-119.0113,159.1,46577,56988
2722,39.74366,-76.04435,179.9,54375,61854
3455,39.52435,-121.472,226.6,52415,67740
16787,37.76558,-121.5144,378.3,83150,96339
3952,37.49874,-120.9408,384.4,41750,70322
1450,40.34539,-79.86454,32.2,13588,17962
5249,33.92167,-117.3634,646.9,156182,201034
4325,33.7717,-118.1646,402,39801,47862
3954,41.9473,-79.16341,112.9,55353,69368
8316,34.02722,-117.151,589.8,111216,153132
4987,34.24055,-118.4357,340.5,77952,78440
2281,40.82212,-123.3458,294.3,36193,50004
3798,36.78009,-119.6734,282,83705,86715
5625,38.35739,-121.9448,400.1,113242,118591
4492,33.99915,-118.25,300,31042,40034
3402,40.59613,-76.14524,178.4,60521,69536
5137,39.9085,-75.18179,320.1,48163,64246
3158,33.95831,-118.4475,989.7,116603,157251
3479,33.1421,-117.1707,297.5,35740,39071
4733,33.73774,-117.9678,496.5,65242,87586
6752,33.97321,-117.7229,435.3,98375,104320
3059,32.84976,-116.9762,379.3,64229,74306
6113,40.55482,-122.3486,223.3,31801,36620
2867,34.0838,-118.3394,807,66714,174044
1899,40.59604,-79.57641,77.2,32361,41961
2038,33.94393,-117.2319,147.6,60679,55807
4673,40.21505,-78.82604,89.7,39773,51320
5254,34.14047,-118.2477,389.9,35610,45701
4118,37.71657,-122.4037,534.6,59743,82737
5829,40.24306,-76.71141,272.9,82289,115471
7647,40.08314,-75.88099,265.4,69744,83278
5454,34.06742,-117.7702,326.5,53548,63796
5295,41.4165,-78.53443,113.6,49143,57797
2870,37.29801,-121.9209,658.1,80987,101129
8051,34.07822,-117.4627,228.6,60317,64535
3573,40.00493,-75.40932,634.7,138603,186481
7225,40.61586,-77.32921,138.8,46912,55404
6343,37.73703,-122.4493,851.3,131840,148116
5128,40.06713,-75.04808,184,26354,38551
5272,32.76061,-117.0588,406.1,50781,61030
2526,32.86697,-116.9642,436.9,90250,94336
4534,37.24478,-121.8531,592.5,81750,95148
6611,38.45855,-121.8318,386.8,65917,76369
4362,37.7435,-122.4201,749.3,100200,122359
2708,39.94187,-75.15847,403.8,75038,96371
7720,34.41956,-118.4648,350.5,62028,79757
5456,38.52049,-121.4177,160.3,30319,36056
6172,37.76726,-122.4199,633,36086,62198
4341,34.05631,-118.3125,772.1,36124,43206
6991,41.31705,-122.3227,325.4,43295,57267
10605,37.99465,-122.3366,350.1,76837,89500
4471,37.28067,-121.8297,459.7,35894,49500
7118,40.04682,-75.17685,103.6,35021,48785
6544,32.60184,-117.0742,89.6,32096,37673
1867,38.45405,-120.5235,298.2,54271,65311
3819,38.2561,-122.0278,207.8,39435,50345
4701,38.75858,-120.6061,283.7,47107,65556
7451,33.88643,-117.9599,640.1,98401,117550
4060,34.0591,-117.2514,298.3,45071,55309
3274,41.16269,-77.17249,152.5,56125,67336
4317,38.68939,-121.3588,173.1,42861,49125
2420,41.22315,-80.49162,70.8,33897,42837
4499,38.54301,-121.4383,266.8,53431,74449
5470,33.98406,-118.087,374.3,59255,71138
5340,40.10482,-75.38791,341.8,105208,115437
2696,42.1361,-80.07642,55.8,17375,32494
2771,37.93208,-121.2655,148.8,35504,34145
4915,37.33276,-121.8398,371.7,82109,80864
4854,33.78918,-117.919,409.9,50515,62662
4101,40.18331,-75.1016,249.4,66389,78529
2787,39.91284,-75.29448,150.6,54625,60831
1620,40.26804,-76.89066,132.5,37434,48427
3276,42.13788,-80.05887,52.2,25665,33298
4410,36.6578,-121.6482,470.8,63917,79675
1681,40.06351,-75.24624,338.8,105260,118610
4752,34.00709,-118.3109,393.1,36777,46059
4211,40.99487,-76.06909,179.5,60397,74213
5300,33.56206,-117.7047,539.2,68300,83392
5628,40.37535,-79.97314,96.2,51733,59057
3379,41.22698,-80.50249,42.7,16614,27303
1596,37.83823,-122.3019,293.2,75778,102278
4234,34.05565,-118.4434,700.2,66767,92028
8422,33.94953,-117.6006,442.6,120417,126108
2427,40.50661,-78.86482,78.6,38340,46413
4866,37.77238,-122.2838,648.8,60291,72342
4549,38.95052,-121.1079,321.5,35180,50095
2604,40.44055,-79.96447,67.3,21646,27236
2709,38.56206,-121.3704,212.3,42051,48860
3466,33.7077,-117.9675,628.8,83628,119408
15295,33.71313,-117.8252,491,76068,99405
2971,33.95591,-118.3242,440.9,65038,73471
3987,39.9559,-75.45949,589.1,115152,160799
4036,34.03911,-118.0124,476.1,87868,94959
4845,40.45375,-79.8124,102.2,51528,58980
3254,41.03024,-78.42452,72.1,36607,46194
3178,41.23695,-75.87754,92.7,22788,37043
3089,34.15536,-118.4553,372.7,70549,81844
5701,36.62376,-119.7197,267.8,55189,64978
7307,40.70555,-79.73939,167.1,67031,79354
5991,37.78272,-122.1565,686.7,108468,139518
4810,41.1362,-80.20939,145.5,53906,69286
3343,34.11794,-117.2711,34.1,20465,31308
5830,33.91129,-117.4726,254.2,43918,50744
3389,40.18278,-75.22073,492.6,83650,139091
8260,34.51771,-117.234,255.4,85497,93697
6909,32.87715,-116.9394,363.4,74167,91050
3282,34.25756,-118.433,279.6,48782,52750
2120,40.39769,-79.99152,58.4,38278,46321
4796,36.97905,-121.9483,635.5,55257,78645
7120,34.48674,-117.1992,187,42997,50379
4502,39.91961,-78.96461,98.8,37464,50843
3998,37.977,-121.2593,157.9,30608,37161
8107,37.57241,-122.322,592.6,76250,85620
3911,37.34655,-121.9635,653.6,69309,105881
6745,34.16194,-118.0548,767,83333,115210
5324,34.12864,-117.2711,173,27296,38684
8166,39.77554,-77.75946,206.8,66376,71576
2434,40.62244,-79.14403,99.3,51038,56202
3294,40.40507,-79.7772,61.8,38982,44551
5468,40.20427,-75.53331,296.1,80000,98692
3995,40.48067,-75.11165,450.7,73646,105700
2506,33.90023,-118.2181,283.6,32260,45878
4426,41.07579,-76.79054,154.4,55563,71572
5620,33.95771,-117.3312,310,58136,67650
2853,32.60129,-117.0322,300.6,65518,72651
2826,37.30895,-121.9085,862.4,75917,104009
1205,41.22277,-77.03552,101.1,46971,54404
6896,33.78945,-117.9107,365,67222,76482
3993,36.81815,-119.7164,66.7,30332,38418
7869,32.94117,-117.0831,605.5,111801,127483
4678,36.84513,-119.7412,298.5,65200,78740
4998,34.09541,-118.1472,456,60609,69905
1281,33.79025,-116.5158,578.1,52308,92127
2778,40.11581,-75.05655,447.9,110673,132140
8666,32.83551,-116.9495,350,65139,76567
4688,34.01479,-118.313,412.4,35839,45908
3899,37.66248,-120.9876,191.3,33971,53957
2334,34.02356,-118.364,506.1,33393,46591
6353,34.47275,-118.5283,536.7,130947,136807
1701,33.80445,-116.5368,462.1,50714,96094
4101,33.72631,-117.9954,644.4,54599,82293
4321,33.16411,-117.2607,496.6,68241,78882
4852,39.40749,-121.5065,268.8,45372,53869
3761,34.03357,-118.3805,564.4,49110,64398
8213,37.11656,-120.269,186.4,33665,43961
5998,40.3833,-76.90715,179.6,65724,74039
3778,35.94649,-120.975,457.3,72426,82829
3464,34.10406,-118.1972,318.4,38125,45287
4707,34.25469,-118.4427,360.2,52083,60794
4279,34.22869,-118.4796,494.1,60569,84241
3894,40.15813,-76.20434,172.7,55987,66995
6137,40.71744,-75.2346,266.1,87971,93780
5408,35.35822,-119.075,232,63133,76195
4320,38.79143,-121.2783,378.8,103312,105760
2084,38.66527,-121.3192,242.9,52533,65211
3601,40.99307,-79.65342,89.9,41078,53194
3178,36.66441,-121.649,586.4,58964,97556
3160,37.56098,-122.2953,661.4,125455,134857
2970,34.56199,-118.0644,156.4,51957,65740
2493,37.79577,-122.2147,351,50793,64401
2820,40.78563,-76.55874,35.4,30298,38488
3827,40.53922,-80.18114,234.8,52748,87436
4374,32.84433,-116.8968,358.5,64426,75931
1860,41.55976,-79.40326,71.8,32885,40895
3463,40.0728,-75.19579,335.4,66774,79154
2100,40.07708,-75.13473,247.4,80417,112804
4219,33.78679,-118.2483,364.1,40202,54652
6189,38.68141,-121.7889,263,41391,58636
652,41.91364,-122.5825,207.8,29926,42082
3132,36.95441,-122.0509,679.2,74474,84150
3917,34.14502,-118.2318,346.3,43973,56979
4306,38.60373,-121.3381,432.8,77364,107537
5335,40.0073,-75.55931,507.3,116838,156425
5842,38.0328,-121.2861,102.5,45142,49896
5329,37.68152,-122.1067,451.3,62609,67523
3725,33.89164,-117.4724,301,80282,78914
5972,39.12974,-123.2089,353.8,38951,49534
7214,33.83311,-118.2471,380.2,74024,86162
1746,40.54405,-79.80063,105.9,57708,65507
3767,39.92409,-77.24135,181.8,51827,70072
5359,34.38297,-117.2887,246.5,59000,71281
6316,33.73105,-117.883,407.7,55000,61085
2832,33.79785,-118.0191,533.1,91103,111281
4786,34.25355,-118.5156,517.3,59457,78990
6038,40.64198,-78.65147,85,41906,49964
5865,33.65479,-117.6808,469.8,80948,99917
1859,37.88762,-122.205,845.1,157361,198918
3493,34.30615,-118.4214,379.2,65402,66072
4580,34.20459,-118.3746,371.4,41639,53482
3889,33.72405,-117.9329,647.2,93016,114507
5057,34.20336,-118.6131,371.7,73851,82043
4124,34.16488,-118.5775,882.8,68125,99537
4449,34.19595,-118.5578,359,64010,70503
8954,35.05792,-120.5571,706.3,67301,89542
6401,35.19243,-118.8414,187.3,33779,45817
4588,40.33271,-75.98662,169.1,61824,82346
5427,33.98233,-117.8808,448.9,60472,82045
6554,32.9094,-117.1337,313.2,66500,78313
4886,40.77613,-77.85954,230.7,30946,43270
4390,42.09993,-80.15987,105.5,43991,52678
4679,33.73427,-118.2841,429.3,31990,42194
5816,34.66976,-118.1103,239.2,59839,65650
5888,36.7976,-119.8485,125.1,32007,36743
3780,34.05312,-118.0266,353.9,40463,52423
6235,40.05555,-75.41607,471,80030,127555
8207,40.47701,-76.88749,155.1,54149,65594
5634,34.14119,-117.3332,145.4,38665,41127
4120,37.03385,-122.0647,574.9,72986,102184
3907,37.28723,-121.9451,523.1,92153,106890
7210,34.24663,-118.4291,413.4,52917,64749
4625,34.01467,-118.3952,796.2,91367,116998
4963,37.47903,-122.2037,519.5,54306,65925
6845,33.93376,-118.2075,339,31319,40445
8028,39.91999,-75.52168,478.6,115275,139342
4175,34.28052,-118.3805,366.7,76773,76481
4941,39.42075,-121.2278,216.8,50139,58160
2348,40.08146,-75.21214,444.8,94444,123586
14898,33.87403,-117.4686,421.4,95425,108517
4186,37.34663,-121.8794,446.4,47862,60367
5363,37.2836,-121.7441,685.4,84349,113556
2742,36.18282,-120.3272,171.7,47257,73502
4194,33.98034,-117.318,300.5,57500,69724
6519,33.93927,-118.1957,368.2,61852,67996
3599,34.01639,-118.2524,413.9,31314,37225
4458,33.93514,-117.4699,238.3,47300,59547
3686,40.35084,-75.45928,284,69716,90780
5055,37.47766,-121.1253,146.3,42778,51962
1881,41.25557,-75.42849,132.2,44271,72890
4324,33.78432,-117.8185,587,78355,104463
5622,33.95169,-117.4089,248,37736,53280
7783,42.13173,-79.98894,149.6,63486,73202
2411,40.21463,-78.16739,84.1,37014,46147
2158,40.37225,-75.2046,305.5,47969,64908
5198,40.36237,-75.33779,312.8,57284,77502
6526,37.73233,-122.2396,577.2,93000,105245
3984,34.14947,-118.359,909.2,76404,104547
5510,32.57771,-117.0619,202,39190,50760
3545,38.584,-121.3583,644.2,114712,161485
5733,37.66933,-121.8997,830.8,141797,162136
3725,33.7923,-118.1257,614.5,102853,107901
2871,38.70003,-121.2066,461.7,89019,102044
886,34.30269,-117.7847,326.8,85347,87944
8539,36.9666,-120.1081,272.1,66361,78424
4416,37.76247,-122.4806,810.6,69375,86614
3781,40.10507,-120.1563,181.6,42250,54802
5837,41.14233,-79.10305,83.2,41512,50338
5227,32.86895,-116.976,366.3,78821,86514
6411,40.0655,-76.7161,166.5,52971,61952
4414,34.02794,-118.1676,391.1,40111,44658
3846,39.07662,-122.9167,287.8,49323,62177
5545,33.65611,-117.6667,643.1,76308,98404
2703,39.12516,-122.8512,167.4,24620,34992
6645,38.59137,-121.5183,247.5,38479,48946
6401,33.89876,-118.0906,364.6,62923,72393
7867,40.7994,-77.89242,227,44780,58689
5706,40.39649,-75.2847,330,77957,85724
4711,38.24397,-122.0952,398.6,84922,117706
2437,40.06935,-75.23458,288.3,69000,92141
5700,40.27562,-78.87461,134.1,49392,68903
11502,37.78571,-122.393,906.8,109692,168166
7478,33.83562,-117.981,391.8,45521,64103
3776,40.34792,-76.41613,82.4,38977,44075
2837,33.86499,-118.1519,453.3,76161,92074
4576,34.05019,-117.6445,286.6,41018,49037
2850,41.36415,-75.73541,132.2,51065,54089
6785,33.77434,-117.9263,395.2,57599,70100
1160,40.40986,-79.8652,38.3,24375,35957
7626,38.69851,-121.3759,178.5,43172,52706
2867,38.93671,-119.9854,364.9,45417,52959
4802,40.29486,-80.01557,121.9,49914,62098
3088,40.49583,-80.05668,106.5,34781,51143
3680,34.04491,-118.4498,560.1,55938,78457
3213,37.30871,-120.4899,142.9,28679,38139
3673,39.96588,-76.55916,146.4,57738,85928
8833,33.6912,-117.8091,676.4,98491,117563
2355,34.10984,-117.9206,253.3,45000,57713
5251,41.72782,-77.17981,139.9,46843,57874
5405,38.34184,-122.7062,318.8,44375,50144
3266,34.4242,-119.6968,899.5,23788,43843
6278,40.916,-80.06233,138.1,48765,62026
3436,40.0807,-75.36001,278,64355,78375
7672,38.40181,-121.4417,350.1,92872,96107
4578,37.79618,-122.4142,943.5,79932,137105
8068,40.30952,-76.58381,192.8,68290,81014
5152,35.11203,-117.9018,108.6,33886,45083
5543,34.22519,-118.5632,446.7,71630,80241
2668,40.29953,-79.54779,83.9,29496,35914
4463,34.0179,-118.4773,599.4,50313,59157
4601,33.17121,-115.4844,141.7,14231,26520
3984,38.00353,-121.8654,277.4,63365,72565
3590,40.53405,-80.25317,187.8,78889,88389
3667,33.84974,-118.1918,358.3,32297,40140
4942,40.34183,-79.92228,94.2,51940,59030
6729,33.85349,-118.0287,493,67231,86516
3539,34.2578,-118.4223,292,43990,51370
2966,40.67081,-78.24266,87.7,31366,37700
8420,34.29022,-118.7358,567.8,105893,125084
1960,37.72238,-122.4027,609,48264,66969
6259,37.75594,-122.2414,646,90996,104798
3151,40.43772,-76.52059,176,56197,63989
3179,33.82076,-116.5371,261,36250,53194
6139,34.10074,-117.5017,279.7,53340,67527
5478,34.21387,-119.2006,476.8,92011,98741
4244,33.74836,-116.29,333.1,58528,68697
2794,37.86443,-122.2937,498.7,48906,67469
2677,39.96898,-75.17884,346.1,94583,111607
2879,39.79095,-77.4002,195.3,53354,59343
4315,37.71799,-122.4357,625,72390,86087
2543,40.70681,-75.32227,317.5,78409,93656
3520,34.04688,-118.273,150,16691,29447
2662,40.46713,-80.07216,64.3,35037,44884
2225,40.47672,-75.26178,369.3,83028,92272
3340,34.08081,-118.2658,628.2,63813,70401
3093,38.66613,-121.7886,363.8,73229,80700
16007,37.46871,-121.145,226.9,67928,77805
5849,37.97762,-122.513,912.2,85260,133363
4619,38.63221,-121.3373,245.7,54290,65732
7042,37.67156,-122.0662,403,70655,90185
2442,40.66025,-122.2873,327.3,62646,85173
1819,40.0219,-75.18284,328.6,45192,82188
5040,34.08584,-117.4487,241.5,46344,75962
5239,32.8212,-116.7684,659.7,97893,122742
1321,40.68575,-80.32788,98.3,33795,40825
2752,40.70059,-76.16842,74.5,45380,48777
6669,38.43406,-122.7745,436.9,76607,98888
3133,40.6202,-80.18388,123.1,60755,68301
2184,40.20619,-79.95317,72.8,33563,43927
928,40.43413,-79.89682,224.5,80781,117571
10838,37.53285,-120.8568,278.7,89461,91528
3589,39.89931,-79.71361,49.6,27813,38650
6296,34.04147,-117.928,361.5,71114,79545
5946,33.39855,-117.2212,594.9,82762,106194
3708,40.08788,-76.1677,205.4,60865,71046
8384,40.51152,-75.76658,199.1,57946,73425
3391,33.90584,-117.5906,380.5,106196,123751
3921,40.10106,-75.21594,349.4,102875,131725
3640,40.38129,-78.66281,79.2,43958,50039
4086,34.57882,-118.1001,133.4,31326,37583
4031,33.6649,-117.9582,771.8,116198,137008
1433,40.03285,-75.17636,318.8,11230,19694
10966,32.69089,-115.4832,196.6,42629,60097
4512,33.47615,-117.7124,944.7,82043,132088
6501,40.31808,-75.69265,217.5,64458,83494
4603,37.40027,-122.0745,621.6,79125,103272
4119,37.78417,-122.2941,839.1,67321,102160
7289,33.91885,-118.1661,343.3,52581,66276
4097,33.87652,-118.3652,612.3,86050,104855
5699,36.30849,-119.6638,174.1,53951,64294
1650,40.46801,-79.9023,44.4,31731,46404
3575,39.8043,-79.58094,130.8,44625,50489
3190,33.83145,-118.1943,825.1,98697,188118
3717,40.63702,-75.40294,168.7,49183,55030
1812,41.23334,-75.99953,98.9,48950,62000
3933,37.70374,-122.4843,683.2,88407,102812
6821,40.17049,-75.58258,308.7,97083,105660
7481,37.31796,-121.8022,488,78594,87676
4223,40.28378,-80.11754,277.1,96050,115577
3828,37.59222,-122.5003,646.2,95464,117980
4495,38.6854,-121.4635,252.2,61711,64348
4418,37.41006,-121.9064,500.4,86897,104763
2667,37.81729,-122.2938,377.8,62895,79060
5102,33.89525,-117.3417,459.9,128654,129187
4306,37.74575,-122.1766,307.9,49083,56453
6170,39.97436,-75.37581,349.1,90566,106074
7522,34.4127,-119.7287,952.4,82867,111807
3408,37.64255,-122.087,367.9,69375,85680
3156,38.28635,-122.0802,569.6,119350,145493
2707,33.9363,-116.9602,195.5,53690,60950
3778,36.21362,-119.0928,248.9,50530,69369
4568,41.105,-78.6764,85.8,42879,55267
4134,40.03855,-76.4968,116.7,46406,52546
2875,33.97121,-118.2216,422.1,45800,55687
2505,38.55361,-121.4811,466.6,74667,86616
5119,33.78694,-118.1535,365.4,33052,43912
2125,34.22241,-118.6387,637,90208,113514
3658,33.8214,-117.8812,439.9,63597,78868
5357,33.71378,-117.1275,270.2,80164,100293
5069,34.08947,-117.9634,296,47717,54806
7671,36.52762,-119.5477,290.6,52028,72898
2982,34.26824,-118.495,475.2,75801,87830
4229,40.67093,-75.77867,239.4,75991,76933
2811,40.10711,-75.36967,344.7,103438,109450
2569,38.89549,-121.2847,235.1,52614,64473
4185,38.50794,-121.5355,375.9,57250,86456
2944,34.0335,-118.1946,322.7,38825,47843
10129,37.98398,-121.3584,417.7,103643,139928
3302,39.89498,-79.73164,89,37218,60012
6153,38.69848,-121.3013,200,64550,72600
1992,41.13532,-77.43859,75.9,25600,27843
3084,32.74491,-117.1338,561.3,65709,79020
3954,33.82811,-117.9149,427.7,90221,87100
4617,34.02774,-117.0951,243.1,54318,62795
1394,40.58283,-122.463,378.8,77167,90214
2743,34.10492,-118.2885,598.7,66367,87528
3264,34.11443,-117.6747,414.7,71597,84157
2422,34.09506,-118.288,665.3,46332,54451
3833,40.58024,-122.3453,239.4,42064,49713
5245,34.446,-119.7519,867.6,56875,89453
5485,38.54011,-121.5698,297.1,86632,89571
3047,38.30971,-122.33,655.5,99891,139083
3608,40.11495,-80.01082,92.5,34223,44643
8789,40.17565,-76.37316,207,60021,63787
1072,34.61597,-118.3989,264.3,97542,92913
5049,34.0039,-118.2613,340.4,22708,34540
3017,40.33439,-79.84045,47.9,28901,41184
2470,40.35311,-79.74286,129.8,49219,67736
3229,40.43151,-79.81543,104.5,54536,71927
4486,40.09847,-77.35882,170.3,59034,66800
5069,34.66687,-118.1746,268.3,65646,99215
5644,40.53896,-80.04757,143.5,54773,70510
6755,32.81579,-115.3771,161.3,41462,61778
6984,41.49562,-75.55704,145.6,48468,58494
5496,33.89986,-118.2274,283.1,34464,47130
5505,33.93238,-117.9534,381.7,52790,61033
6610,40.37433,-79.35715,125.4,42843,53136
7071,36.98444,-122.0138,652.1,65066,83986
3129,37.7064,-121.9418,588.2,112614,112061
6514,39.90352,-75.31283,216.2,69257,78733
5493,32.72342,-117.2512,968.8,95363,133760
4085,40.45592,-75.81929,166.1,64974,66285
3640,40.76759,-76.64874,86.2,39273,50780
3568,34.02914,-118.1615,288.7,37868,46244
2502,33.65702,-117.9913,271.4,76538,104100
3319,33.98254,-118.2324,389.6,32381,43137
4498,40.15744,-76.88969,215.2,84219,99698
4917,41.34738,-75.76049,108.1,43571,53770
4351,32.78598,-117.0317,357.7,56151,69496
2557,40.86108,-76.79433,65.4,21891,31999
2502,38.37358,-119.3575,238.8,48000,53835
4518,36.88771,-121.7525,336.2,45476,53738
3442,33.89183,-117.8626,605.4,91053,110772
882,40.42826,-80.08842,272.8,110417,151771
6338,33.02826,-117.2684,666.1,86125,103958
3839,40.16676,-74.85183,295.3,61991,78087
2632,40.53905,-79.58192,130,43594,59610
5833,34.04924,-117.1547,382.6,98309,117497
3851,33.73463,-118.2958,446.6,41612,55741
4294,33.85326,-118.3699,712.2,100144,106592
2492,34.27464,-118.4623,311.8,47147,66120
3450,37.79213,-122.2523,402.1,24922,45824
6852,36.77874,-119.8549,124,32565,42677
4162,34.01257,-117.0462,132.8,38417,46849
4672,38.46955,-120.7576,353.5,51548,91227
5290,38.48926,-121.4986,193,47767,52368
6840,34.37988,-118.5778,532.9,87298,105126
3600,40.04335,-75.13934,106.5,28802,39678
5820,39.96539,-76.67103,184.3,63646,75253
6050,33.7969,-118.3452,695.7,86635,102933
1740,34.22472,-118.3565,552,68849,93040
3201,40.33442,-75.93344,63.9,17188,28572
4785,40.22562,-75.11091,310.4,81781,83966
5117,33.80037,-116.9627,108.7,49145,54613
3187,33.87767,-117.515,163.5,36161,49366
3293,39.08275,-123.4523,507.1,40533,50212
4321,40.1413,-79.94426,101.2,50268,57961
5048,32.93216,-117.1327,448.5,91920,100207
3753,40.86861,-76.7862,77.5,31224,39573
3189,34.17261,-118.4357,720.6,63869,92630
4120,34.1737,-119.1505,295.7,57552,66910
5211,36.84606,-119.7747,213.7,60445,63382
3863,40.7224,-77.55354,86.1,47690,54399
2350,41.632,-79.68133,72.7,43472,50158
5816,33.83661,-117.9546,354.5,47261,59933
5813,33.13681,-117.0878,282,44276,50092
3700,40.26446,-76.85834,67.7,35601,40739
1573,40.24472,-79.23659,162.3,48446,55438
4768,37.66022,-121.8652,815.7,98304,133075
1630,40.04047,-79.6593,72.5,35967,43209
7533,38.63115,-121.4931,179.5,45504,54532
4352,34.24037,-118.4696,467.4,40198,53825
6475,33.83891,-117.5823,472.3,106273,119443
3688,41.97687,-77.30332,82.1,36438,47027
4858,36.33378,-119.6258,173,41474,49060
2377,33.98278,-116.5367,244.5,45875,59479
4838,34.23157,-118.4553,255.1,38281,40303
4714,34.03722,-118.359,433.5,31330,42870
3623,33.7503,-116.4259,451.1,46920,94380
6657,33.95519,-118.2958,358.5,30090,39023
9882,37.41959,-121.9036,465.4,103250,118767
4230,38.12404,-121.2674,210.9,33277,36539
3285,33.93797,-117.3723,410.7,104702,154848
3579,33.78003,-118.2662,410.3,29756,38535
3916,39.97496,-75.49107,398.1,100448,152479
5500,33.71906,-117.9974,437.5,65522,74730
2680,33.67502,-116.2371,832.8,94306,183857
7217,33.76359,-117.9079,346.4,49506,66202
3493,38.77606,-121.3472,348.5,46817,65931
1378,40.36433,-79.85009,33.3,24856,33609
4717,33.92779,-117.9945,467.4,57792,67932
3639,33.50447,-117.6866,879.7,128871,189625
7804,37.27221,-121.8146,468,80458,91441
6591,38.42076,-122.6679,461.3,61604,71275
3965,37.79391,-122.2332,353.3,38472,48021
2642,41.41107,-75.65964,48.4,19104,22794
4481,40.04487,-76.31737,122.7,38017,45882
6691,37.74244,-122.5042,674,71909,94436
2320,40.17518,-74.82365,234.1,61618,68744
2760,39.91999,-75.3944,405.2,86595,114892
2319,40.12365,-74.89175,235.9,46927,57891
4748,40.14004,-75.95342,247.9,57753,71172
8876,33.85098,-117.9561,390.2,61313,70093
7094,33.84268,-117.948,343.5,51544,63822
5122,40.85007,-75.20529,259.5,61750,73900
5547,38.47851,-122.7486,404.1,63988,79328
1661,40.14137,-79.78089,161.8,54786,72438
2502,37.84385,-122.2893,394.8,92174,109827
4825,38.62085,-121.356,332.1,54758,69347
4235,33.75217,-116.9103,149.5,47283,57515
4970,39.87552,-75.3943,205.7,63978,69767
3064,34.56239,-118.1011,170.3,49799,57033
3741,34.21161,-118.4016,458.1,57692,63719
4338,39.94087,-75.21537,63.5,25433,39045
6813,37.30468,-121.8928,761.2,109609,154550
4583,37.65936,-122.0709,397.8,51523,62266
1650,40.38299,-80.00057,80.5,52794,69884
5508,34.11027,-117.4451,226.4,47781,61948
3411,34.06928,-118.2188,337,29757,46614
3519,38.01779,-121.3387,305,63814,93164
1390,35.37739,-119.0135,130.4,16442,28353
4804,38.45983,-121.3153,548.3,116122,132199
4141,34.14525,-117.2837,198.3,50297,62822
2767,34.05736,-118.3069,329.2,42065,59297
859,40.46227,-79.91228,37,30391,38212
3341,32.70007,-117.0446,375,77813,93937
4550,34.16245,-118.4045,722,76007,107272
8429,39.92851,-77.54915,174.7,54383,70757
4869,33.9343,-118.1558,451.3,63364,72671
7133,40.49451,-80.17425,193.4,83714,107403
6746,37.77808,-122.2194,480.4,36667,47252
2905,34.08757,-117.9727,336.9,55459,60396
4261,41.0021,-76.45892,114.9,25852,35258
3529,40.42619,-75.43963,301.5,91438,99863
2308,41.86463,-79.11254,109.9,48226,64260
4161,36.6818,-121.6308,272.1,43849,50598
4447,33.8735,-118.1296,403,49475,60927
2447,40.38359,-77.88348,70.4,30494,38534
3818,34.22643,-118.4557,298.4,27284,34589
6481,33.93205,-118.0153,389.9,69867,75009
8650,35.52843,-120.7183,625.3,90306,109526
1703,37.80959,-122.2983,334.1,30370,38382
4037,33.88947,-118.322,413.8,78262,99673
4057,39.9122,-75.37443,380.6,112891,128225
2363,33.86633,-117.8647,364.4,47155,66323
4018,34.51713,-117.2574,272.6,76042,94319
6937,39.9965,-75.78208,230.2,77005,83647
3270,34.11204,-118.2737,485.9,67935,77752
2429,39.83585,-75.39941,61,17898,31097
7959,36.60363,-119.4381,181.6,42500,52524
3440,40.44162,-79.91951,348.5,87019,141015
6874,34.11922,-117.5614,352.5,99219,104081
3961,32.6805,-117.1044,224.2,42326,47413
4149,34.42982,-118.5493,489.5,100205,113704
1567,32.63706,-116.9979,384.3,90512,91398
3327,34.21276,-117.3781,383,102390,116758
5525,33.87228,-117.3681,378.4,93030,113509
2042,40.31267,-79.91943,113.9,51277,66715
3957,34.13685,-118.0433,650.6,70761,89746
4875,33.87237,-118.1126,464.3,69091,80365
3570,40.98377,-78.52647,71.2,34318,42442
8616,40.55248,-75.63313,239.5,80527,87975
3612,34.05625,-118.2877,371.7,29656,39826
3790,39.90511,-75.43164,311.6,70888,88990
3604,33.97445,-118.175,294.2,46176,53201
4252,38.53255,-121.46,127.8,28262,33528
3128,40.13476,-75.13495,216,70729,80174
4067,38.23972,-122.5936,585.3,80852,94222
2733,33.66074,-117.881,811.7,67813,115288
2937,39.9555,-75.15633,288.7,37483,60944
1226,33.99694,-117.3524,203.2,65577,58809
4131,37.81871,-121.2225,181.3,42188,51665
5628,36.67527,-121.6129,194.5,45744,53395
4424,34.15799,-118.0261,848.7,125795,153503
2953,40.22635,-75.33083,361.6,75962,106422
5567,40.98514,-75.1966,212.3,33061,52184
4112,33.74925,-116.9991,48.6,30424,39020
4605,34.11559,-117.2204,170.9,42690,42894
2141,41.38902,-75.67687,114.1,43375,58917
5342,34.14271,-117.584,454.6,87083,97066
4305,39.82859,-77.23353,192.7,38750,53832
7408,33.75636,-117.8722,505.8,37226,44253
6686,37.02323,-121.5821,406,62308,75336
4258,32.82483,-117.0942,424,98547,102940
6998,34.175,-118.157,438.6,53750,64205
4074,34.0386,-118.124,469.2,64871,79276
4898,40.33439,-76.97211,155.3,63140,68670
2848,40.45365,-80.07538,73.6,37000,46399
3501,33.87742,-118.1976,340.3,52083,78564
5245,33.75826,-117.8654,457,40458,49931
3933,38.00394,-121.8274,172.7,45833,49354
5932,37.13044,-121.6617,530.5,65913,80932
5200,39.80456,-75.95563,261.1,77841,85151
3933,34.19757,-118.4611,373.6,39643,60752
6931,37.57351,-122.0374,561.5,78750,96694
5141,37.95222,-122.0603,491.8,64741,79446
2538,38.1284,-122.2558,41.4,31413,42793
1392,41.32833,-75.77384,113.4,52803,66101
6109,37.09554,-120.2688,270.9,69033,79692
6637,38.64125,-121.4393,192.9,33636,46127
7040,40.59119,-79.96552,202.8,78888,101224
3314,34.01187,-117.9672,350.6,59759,67776
3709,40.11782,-75.34104,88.8,34155,40019
7605,32.76247,-117.0416,382.9,59185,83692
7107,40.00544,-76.87536,182.7,52833,68118
4527,33.98034,-118.2455,346.7,36917,44505
3153,37.65497,-120.979,166.3,36156,53743
4218,34.08048,-118.1384,370,39076,51499
4998,34.09617,-117.8787,401.1,65920,73195
3018,38.05182,-122.2155,390.9,77841,89844
4484,34.15056,-118.5946,750.7,109293,164906
3387,34.07193,-118.1259,515,57788,69156
3123,34.1624,-118.4272,731.6,70111,105085
2144,38.01458,-122.1307,353.3,60972,72172
3534,34.13089,-118.2462,582.9,54495,62557
5265,34.01246,-118.3425,471.9,21029,33054
4295,37.22749,-121.8915,874.5,145972,190712
2213,34.05794,-118.1858,364.4,44766,50249
5230,33.91297,-118.3476,488.3,40400,48912
3641,33.04103,-117.2768,584,51250,75816
2704,38.84561,-120.0056,436.3,58214,71453
2476,33.05875,-117.29,620.2,93728,119948
5478,39.51472,-121.5312,212.8,47548,56364
7572,37.37012,-122.0119,560.6,102943,121409
8584,40.72697,-75.21519,284.7,87022,103806
1707,40.44761,-79.9733,72.4,23833,28370
4307,39.95651,-75.24126,80.1,24583,31485
5423,37.99262,-121.0701,399.3,66250,82237
7863,34.11951,-118.153,844.9,70402,98110
2641,39.9786,-75.13564,101.9,27043,45906
5234,34.02944,-118.3605,404.5,28715,35877
2700,42.03584,-79.84146,134.5,58371,61300
7191,37.30454,-121.9717,691.9,60508,74938
4512,37.28721,-121.8302,344.4,58900,69721
3910,37.78773,-122.236,571.7,38879,44860
2866,40.96138,-75.97473,88.2,31857,39311
4679,35.63261,-118.3558,153.4,31831,46066
2555,36.80149,-119.8092,372.4,62222,118951
2234,38.70854,-121.3804,218.7,57839,56948
1724,38.01726,-121.9165,271.5,101471,133716
3469,33.69306,-117.7913,564,91910,105491
2437,40.17303,-79.86235,48.8,28365,36880
2547,39.99704,-75.22244,164.9,34912,39472
3454,33.9728,-118.2625,363.3,31090,41590
2020,37.85268,-122.2667,402,52962,69854
2801,40.49341,-79.9033,199.1,52019,82660
7432,33.7094,-117.8814,442.6,55966,70927
3660,38.72446,-121.2736,394.6,64977,88786
6498,32.58119,-117.0784,265.4,50949,63712
3703,32.7899,-117.2404,749.3,75643,92739
5237,37.24706,-121.936,722.4,110991,121455
4856,36.80056,-119.6894,193.3,55868,72187
4556,40.69337,-75.54864,237.7,75400,88253
4612,33.84251,-118.0279,464.2,98065,98175
3108,32.75247,-117.1508,415.2,65385,77593
3728,38.51323,-122.9915,391.2,41792,60965
4057,34.21851,-118.4549,410,33650,46012
2956,40.03961,-75.17157,111.5,18881,32600
3603,38.47748,-122.6639,334.6,72196,81701
3087,34.0139,-118.4234,831.8,65519,96260
3138,37.68241,-121.7276,483.5,82979,89901
2825,33.97797,-117.901,416.3,54007,68250
1734,40.27,-76.88633,124.6,36080,39371
3813,34.05876,-118.1217,488.5,56302,74850
4000,38.68238,-121.3093,203.8,42645,52024
4392,40.4279,-78.84982,130.1,52075,64351
4247,33.85954,-118.1908,246.3,51563,50724
5687,33.83186,-118.2921,394.6,61056,74233
5329,33.88289,-117.7794,864.8,141905,180103
4439,35.39252,-119.1012,209.1,71324,86380
3408,38.74233,-120.6929,389.5,59138,75562
4255,33.85078,-117.5871,436.6,109938,116738
2585,38.58824,-121.3429,555.8,89293,115094
4005,37.77555,-122.4922,829.6,73545,89092
4131,33.86733,-117.7727,588,105602,107003
4054,37.7956,-122.2678,404,69605,74171
3260,40.60841,-79.74143,67.2,41071,47060
3974,34.16287,-118.1438,480.6,45353,58397
6954,34.45775,-118.4974,447,96409,120734
3729,37.72055,-122.1294,613.7,92550,103687
2331,40.01831,-79.89083,53.4,22434,31163
2728,41.96529,-78.63414,75.6,45337,50201
3357,36.94036,-121.791,421.6,49444,68711
5646,40.57133,-77.61395,90.2,32553,42410
7644,35.41621,-119.0347,150.5,24976,35972
6117,37.92804,-122.355,270.1,33226,41510
3263,33.53278,-117.1413,285.5,97600,105229
6549,37.98837,-122.0978,463.2,93036,101169
3463,38.8298,-121.2417,464.5,96500,120440
4259,34.19036,-118.4948,418.1,64539,76518
1852,40.60836,-75.46756,100.7,21620,28304
4646,39.93426,-75.6197,466,142717,159249
2499,40.58093,-76.62173,82.3,48971,56298
5796,33.65067,-117.5667,714.3,126683,136240
4695,38.08306,-122.2246,244.7,61614,70575
2232,40.4696,-79.89367,44.6,28750,40632
4576,38.65594,-121.3184,312.4,65553,72148
4921,34.27752,-118.4286,337.3,59646,69097
3755,33.97285,-118.2748,350.5,30893,38181
6480,40.61957,-79.1586,89.8,13914,30805
5739,34.02556,-117.9106,415.3,57400,67252
2580,33.95532,-117.7535,665.2,120903,133761
5991,40.75786,-79.611,122.2,56940,69232
2807,37.84139,-122.295,487.5,69352,94321
2586,39.98128,-75.11233,121.5,36121,45219
5143,33.76263,-117.9462,422,56335,66757
2381,32.59995,-117.0832,33.8,38646,43439
4852,33.60497,-117.6668,614,115698,138369
3982,42.15186,-80.01893,96.3,55546,60278
9024,33.96898,-117.5564,392.9,112033,117017
3041,41.06033,-123.6768,202.1,28056,40438
5241,38.41707,-121.3633,332,77174,85770
4465,38.26108,-122.6436,396.6,60826,73577
1015,39.04173,-120.1258,503.4,52768,67857
1927,40.27663,-76.66886,177.1,38288,51613
5266,38.33218,-121.9501,330.6,82955,97501
3887,40.6935,-75.26881,228.5,68480,74363
2948,33.96851,-118.1973,426.1,42375,48857
7286,38.44499,-122.7589,322.5,59091,64956
4677,41.59054,-75.79706,157.8,46941,59086
4040,37.34939,-121.8015,486.2,85000,98021
3282,34.11217,-117.3086,201.1,28521,35798
5232,34.09269,-118.3535,887.5,35912,50616
4499,37.30924,-121.8759,338.4,61848,61191
4777,34.1276,-117.6072,367.8,74871,86791
2460,38.31686,-122.2827,458.8,50972,71351
4283,33.96831,-118.2148,349.6,48163,57725
2997,40.22247,-76.62734,219.6,85875,112477
4485,38.49953,-121.4193,183.2,38539,48165
4234,34.13524,-118.2482,395.1,33916,42745
5972,40.30446,-78.76926,110.4,48202,62212
10516,33.89076,-117.3221,380.5,102679,107611
3981,34.10747,-117.2842,147.5,17467,27666
3985,40.36997,-78.76847,80.8,47599,51897
5597,33.53108,-117.1186,365.1,86320,97994
7663,34.12802,-117.5338,405.7,90826,98010
5542,36.81636,-119.6903,215.7,51552,63906
5527,36.87033,-119.7639,318.4,74485,93033
1157,40.27741,-76.88994,122.8,29875,43869
6708,40.27743,-79.56822,129.4,40671,60752
3764,35.40632,-119.0828,275.1,97407,108436
5946,40.39024,-77.21888,160.6,58723,65234
2556,40.058,-79.83419,86.3,52639,56947
1976,40.69266,-80.31249,141.5,51446,67787
2748,34.1776,-118.3757,354.8,43641,55081
7683,33.49484,-117.103,322.6,91507,90927
4153,37.33809,-121.8755,775.7,79821,107749
5450,37.41649,-121.8649,568.9,86725,103503
3473,33.92933,-117.4841,287.6,75893,88324
3556,36.84371,-119.7969,154.4,38370,42102
2865,40.08846,-75.30074,250.4,72148,88900
3228,32.66044,-117.0961,277.2,33894,48643
5784,37.30308,-122.0288,816.1,113681,120197
6786,37.55916,-121.9926,554.7,77875,95096
4990,34.16177,-118.2603,385.3,62715,72470
3375,34.23626,-117.269,230.8,51884,60834
5997,34.86001,-118.1872,216.7,81417,85102
2987,35.11172,-120.5838,357.9,53875,72369
3231,34.08497,-118.3124,458.8,24940,34857
8249,33.88762,-117.1929,300.3,83295,83870
3335,41.14697,-75.94031,193.1,74250,89490
3596,34.56178,-118.0383,152.9,45946,58075
9343,40.34491,-76.73754,181.1,74190,84430
4967,40.4562,-79.83512,82.5,42658,57785
8186,33.66177,-117.8139,608.5,102565,110325
7067,40.85081,-76.58886,153,55610,67900
5471,34.15108,-118.1148,506.9,56265,71491
2390,39.9836,-75.80669,152.1,42083,56489
3508,38.66506,-121.3659,172.3,41509,44792
3908,33.75175,-116.382,429.7,46042,90359
7199,40.19716,-76.03287,218.3,60270,73985
3647,33.64795,-117.9398,560.6,85682,92896
2826,38.53316,-121.4782,181.7,38159,47073
6446,36.0708,-119.2621,124.3,34858,47587
3768,34.19234,-118.4601,400,42271,77987
6087,37.26357,-121.8236,462.3,92946,108230
3564,34.06887,-117.1036,268.8,53162,70070
4023,37.53172,-122.2516,736.5,110938,122979
3459,39.91635,-75.25411,81.2,34750,41804
3486,38.59248,-121.3107,174.1,51538,58958
6437,34.24365,-118.5371,583.3,52875,68031
5736,33.83424,-118.0506,546.1,80050,101492
1669,39.97083,-76.70169,139.9,59572,73383
4340,41.83542,-75.71311,133.2,52007,63108
8526,33.72024,-117.0173,176.5,62665,73152
4844,40.38988,-77.33849,157.7,49792,56367
4470,33.88351,-118.3572,412.2,35729,46789
4558,40.76103,-122.9087,254.3,43889,58376
5056,34.12773,-117.5826,304.7,54879,72340
4487,32.80315,-117.2384,283.5,54290,71913
4210,34.651,-120.4679,233.6,40074,52066
4390,33.9161,-117.4467,233.2,46351,52299
4371,33.17779,-117.2051,464.6,60438,65877
4141,40.32983,-80.20953,173.3,61750,81263
4523,34.06758,-118.4536,381,24467,41868
5626,40.53142,-75.49549,166.5,47419,56622
5308,38.1475,-122.2288,281.1,70707,93237
4575,34.08083,-117.362,172.5,49191,53519
3806,34.01026,-118.2541,328,32921,39439
7443,37.69626,-122.4583,552.8,84637,90831
4163,37.22526,-119.5367,358.2,51339,63240
4108,40.96045,-77.79644,125.7,46024,55249
7069,40.346,-75.26796,335.2,98175,109401
7190,33.97551,-118.0218,683,84825,123241
5590,39.98492,-75.1273,96.3,26524,35117
3161,38.96319,-121.1549,505.6,64138,89546
8153,40.9781,-75.42054,216.3,63844,71609
6970,38.80645,-121.1632,612.5,87411,139811
4353,39.95272,-75.5837,351.4,94731,106124
3629,40.44062,-79.9984,155.9,48102,79928
4422,34.16049,-117.9977,676.1,103611,119948
2741,40.04339,-75.04802,209.4,54292,64596
797,37.7156,-122.4165,595.2,17679,40575
5014,32.80207,-117.1449,391.9,52083,63927
6390,39.90135,-75.3491,422.6,118824,157920
5369,34.08902,-117.3706,183,39237,49577
4588,40.20986,-77.00103,170.9,66611,73474
1825,40.98425,-80.34447,33.4,26303,32912
1871,40.42004,-79.89101,62.4,25313,41522
1582,40.08438,-79.8727,86.6,41042,49104
10258,33.77145,-117.4921,399.6,102648,116835
5095,38.46151,-122.7597,442.4,66978,77434
2571,34.2789,-119.2899,671.5,27227,49328
6333,39.89874,-76.57733,166.9,61807,68594
5238,38.24435,-122.0647,254.3,52653,67060
4901,39.74949,-122.203,241.7,41220,56397
4048,39.97571,-75.31197,269.2,80428,87076
8442,34.2272,-116.0564,558.8,43954,53272
5654,40.00021,-76.00968,214.6,57696,62120
5881,34.15333,-118.4103,747.7,79146,122412
3110,34.12172,-117.8748,382.8,74977,87528
5364,39.81622,-75.87813,319.4,70845,86970
3837,33.15304,-117.0739,448,90156,88927
2926,37.99599,-121.2951,118.3,26529,31750
6029,40.48255,-76.26271,188.8,59896,68409
12047,32.84856,-115.5712,196.2,49732,61728
2342,40.1026,-75.16796,329.8,85905,98520
2873,39.9399,-75.1586,354.3,70167,93001
5618,37.72867,-122.4225,594.8,66115,81600
5919,37.2716,-121.9273,655.7,88826,108359
6321,34.09296,-118.3652,679.8,49909,79417
2211,40.15259,-75.24366,435.8,117644,168969
7144,34.29649,-118.43,349.8,57146,70294
2746,33.90339,-117.85,571.7,91103,95039
4480,37.40437,-122.0839,683.9,108750,122811
3069,34.18696,-118.5602,464.1,60063,80453
5818,34.0691,-118.0996,480.4,46991,53857
6305,34.18336,-118.8037,901.4,145855,243727
5444,32.80128,-115.5741,64.5,22707,40630
2275,38.24697,-122.0439,172.5,37623,43052
6159,36.96234,-121.9711,561.6,63197,81026
6711,37.26975,-121.8651,608.6,101583,124719
3905,34.04979,-118.3429,743.1,49420,68701
5324,34.5711,-118.0378,188.7,54457,61419
5546,34.22884,-118.2402,652,84356,102082
5671,40.08637,-75.56125,457.6,142340,185651
3372,34.20219,-118.5858,412.9,58007,65805
8284,34.71094,-118.1571,189.3,58568,62881
2054,38.65001,-121.3579,277.5,62820,92664
8333,33.89494,-117.3012,344.1,99256,112869
1074,40.43986,-79.88333,39.9,12218,19302
7093,40.17629,-76.17278,145.4,47005,55907
3208,40.60482,-75.37734,267.5,58190,55244
5012,40.04963,-76.29922,96.3,36586,41265
3760,40.23222,-76.8824,164.4,72242,82319
6952,33.81094,-117.98,355.9,49079,67506
7739,40.25728,-77.05223,202.5,76275,94169
2906,37.60272,-120.9522,202.9,58780,67186
3846,38.45628,-122.7126,393.3,47553,50997
6357,33.78791,-118.1,580.5,93571,104671
3633,40.7242,-80.30511,82.8,28564,41732
1803,40.62906,-77.87222,152,52969,59329
3549,40.43241,-80.04947,94.4,48223,56543
1802,33.79317,-118.2019,431.5,48897,69736
7727,33.92484,-118.1004,393.6,59479,65738
6497,34.01972,-117.9453,338.4,60185,71775
5795,40.56837,-75.50572,281.6,85410,127675
5345,34.02843,-118.3406,383.3,35977,46560
4619,33.69305,-117.9851,527.5,59615,71355
2674,40.33819,-77.87685,75.6,35795,46987
5259,32.75823,-117.1093,411.4,45509,52792
1489,40.68811,-76.17485,77.1,41607,48824
2466,38.57494,-121.4738,484.1,35319,49740
3754,39.92095,-77.65223,159.1,41993,52506
3370,40.07449,-75.03905,215.2,25271,36639
4144,40.41039,-80.04001,118.2,54555,63138
5062,39.81748,-75.74633,428.6,113429,158665
5733,35.78439,-119.2451,137.5,34579,47857
3237,34.02824,-118.3134,494.3,36750,53142
4251,33.95188,-118.035,386.8,70858,75205
3129,40.36323,-75.23121,344.3,89063,91692
5067,33.79397,-117.7946,545.1,98971,123076
4839,34.05906,-118.196,342.1,26527,33770
7408,40.11489,-74.91331,243.5,71786,85731
3911,36.55523,-121.7078,919.1,149539,185084
4985,34.18567,-118.2979,674.1,65974,83132
3287,34.22986,-118.452,543.3,32891,34175
1476,39.96449,-75.208,91.4,24375,32207
7560,34.25959,-118.4973,456.2,50806,61556
4899,40.49446,-79.96443,114.3,53497,59857
5859,37.959,-121.3271,185.9,40977,49421
5232,33.97459,-116.5017,167.1,45216,53035
4785,40.61488,-124.1795,320.9,34693,52700
1737,40.23488,-80.27135,114,49340,70031
3137,37.71911,-122.4528,645.8,72944,84221
4585,37.3012,-121.7882,600.3,111360,144035
3807,40.05813,-75.02778,223.2,73266,84342
5073,37.67466,-122.1441,436,68882,81325
2850,33.81201,-116.504,253.9,42639,50366
4407,38.64647,-121.2617,452.9,58568,88191
5160,34.0175,-117.828,417.5,69761,80244
4075,32.77627,-116.9702,499.7,83125,113398
4946,40.25356,-76.76769,180.5,66578,72820
4196,37.75175,-122.4228,777.3,101000,122794
4868,41.33008,-75.80054,120.9,46343,65204
6574,33.45943,-117.0916,357.1,103182,115176
4496,41.0317,-79.73377,94.9,51815,60222
1380,33.93354,-118.0774,29.6,25659,32156
5128,41.53813,-75.17488,201.4,51479,65710
1257,34.91025,-117.0251,281.5,34680,59876
5516,33.94156,-118.185,340.2,49322,59069
2197,34.00305,-118.4601,880.5,94516,114241
4917,36.96478,-121.9882,492.2,49335,75174
7410,40.11049,-76.5122,160.5,51646,65341
4757,37.45397,-122.2247,861.5,96875,128499
7344,40.61065,-75.44335,116.3,33359,40723
5076,39.96001,-75.25456,117.4,36808,51480
4802,34.12906,-117.3782,171.6,47688,55135
2608,36.6961,-119.5464,156.3,34242,38427
5862,33.87859,-117.7668,725.4,135938,173296
5542,37.99806,-121.9029,339.6,72132,81332
3658,40.8186,-76.20514,35.4,27813,37659
3631,40.51933,-78.41033,74.9,32216,46595
3060,38.6045,-121.3725,385.8,74353,112413
6940,38.443,-121.8239,297.5,59472,73553
6488,33.84304,-117.8648,396.6,56759,69817
2879,33.97863,-118.2673,247.5,37568,43080
7645,40.03446,-75.03389,130.6,38062,42052
7488,33.90102,-117.8009,918.1,116618,164342
4019,42.08566,-80.12841,116.4,53551,59818
5913,37.4588,-122.2508,929,113607,144150
4586,38.03216,-121.3032,164.8,54773,58860
2342,40.31358,-75.12016,406,96181,127780
4706,42.06585,-79.96003,155.7,61168,73924
6309,33.97452,-118.1835,334.9,39569,45853
4481,40.04338,-75.14708,91,30647,43974
869,40.46401,-79.91037,31,16136,25610
4046,34.17581,-118.3649,437.5,55123,57136
4561,37.56332,-122.0298,543,85243,95682
6911,38.76978,-121.1455,631.4,122297,173379
5634,39.78843,-76.20395,207.1,57792,67012
3551,40.59993,-75.4744,100.4,15229,24708
3506,34.18438,-118.375,443.7,50201,55223
3513,34.18937,-118.6185,525.9,65978,116597
4179,34.09581,-118.0433,547.6,86375,95036
2822,40.86855,-79.93251,131.4,36820,50508
8283,33.81831,-117.2202,175,54402,58168
7231,41.4597,-122.3825,250.5,41330,53735
3730,33.66531,-117.9754,483.6,55567,77655
4093,40.15534,-75.30831,366.7,116538,127805
2669,34.27702,-118.4756,380.9,71125,77418
3548,40.61537,-75.46204,89.6,21913,32543
5820,33.95225,-118.2513,266.8,50333,53609
6590,32.74608,-117.2345,551,61791,81917
4608,39.9564,-75.26677,113.3,33449,43234
5034,40.36673,-80.02526,103,45714,54344
3720,33.95359,-118.1934,353.5,41031,46130
4775,33.94087,-118.2183,324.2,44688,53545
6999,40.19463,-77.20005,225.1,72045,78241
7100,34.70085,-118.0867,70.4,43306,47251
5688,33.73515,-117.8512,97.2,36058,42054
5764,37.484,-122.218,611.2,39779,58669
2631,39.99618,-75.10029,90,26005,34279
4948,36.8363,-121.3994,408.4,61103,78855
5058,34.07632,-117.6656,298.9,61033,73101
3563,40.28005,-76.65315,235.5,55159,74570
5374,33.70337,-118.0264,861.9,134784,162339
4046,38.12955,-120.4635,272.8,45500,67766
1552,37.85443,-122.2572,860.2,76528,104487
4865,33.44315,-117.5973,752.7,86442,127242
6059,38.96923,-122.7428,300.8,50564,64750
4419,40.00576,-75.14319,42.1,18557,28136
5859,34.05341,-117.2424,286.8,63024,78996
2588,40.05763,-76.55397,117.2,43295,52807
3902,39.76612,-121.8192,311,73313,79531
5242,38.50387,-122.763,485.6,57739,74080
3476,40.67464,-122.3675,188.7,42938,43620
2351,34.07214,-118.2854,482.4,43322,59457
4639,33.14519,-117.0408,275.9,45174,57851
4387,38.72776,-121.2399,384.6,104032,112846
4152,34.00861,-117.8836,366.2,57887,65540
3445,40.17206,-74.86281,251.7,42730,56878
5537,33.82677,-117.9798,444,44632,55741
7455,38.61716,-121.4554,135.9,29422,38824
5506,33.73599,-117.0995,112.9,38534,47826
7189,34.42262,-119.6745,728.4,66593,101495
1090,40.45815,-80.01242,167.3,61667,68146
6156,37.37871,-120.6284,154.2,42097,55771
2328,37.43088,-120.4821,375.5,62159,117650
1153,40.45517,-79.89654,33,14805,28998
3703,33.73661,-117.8307,170.8,45250,50624
4340,40.06129,-76.37895,256,89338,91843
3510,33.91987,-118.2865,421.9,34330,51573
2256,40.44295,-79.98405,99.9,13468,21438
4355,34.16161,-119.2231,783.7,67618,111687
7589,32.64618,-116.4397,285.2,58200,66976
2175,41.21384,-122.2746,215.3,35085,41386
4545,37.80232,-122.4079,818.1,89837,134133
3535,40.77116,-79.7478,152.7,48304,61012
7627,32.82513,-117.1741,467.3,58170,65291
5935,36.96039,-119.8744,311.8,74854,88080
2546,39.9123,-75.25321,97.4,48125,83521
3855,37.53594,-122.0537,528.3,92563,107993
3407,33.56395,-117.7223,411.4,91000,109507
1562,39.94999,-75.17934,483,64286,106223
6052,37.91919,-121.2436,157.3,52788,57462
5688,34.00776,-118.0891,371.6,50410,57016
3936,33.79551,-117.9715,502.4,66853,83410
8370,38.64834,-121.4589,202.5,46567,53542
4271,37.34552,-121.8394,486.6,46806,64562
2908,40.37892,-75.03816,636.9,118559,166996
5323,33.82104,-117.9595,421.8,59583,64543
4494,34.01867,-118.1648,344.7,34003,39921
2970,40.34084,-75.92883,60.3,22000,31265
4928,38.58752,-121.3002,200.5,37432,47695
9721,34.12302,-117.4428,276.7,64595,69413
3707,39.92452,-75.18227,112,35236,42722
6266,33.64864,-117.9272,490.7,45399,50714
4764,32.56842,-117.0802,157.1,34151,40622
2482,34.06414,-117.899,490.8,94083,97504
3591,36.15889,-119.394,136.7,37908,49988
4255,34.18923,-118.6366,496.2,75938,91522
2627,40.4827,-80.07526,77,37411,45724
5213,34.26826,-118.5136,455.5,81045,92352
1426,37.87313,-121.6398,496.7,71850,86323
2172,40.26434,-76.45106,169.4,60793,81150
5227,41.32948,-77.06093,122.2,52800,64990
4192,33.86389,-117.7298,668.2,114653,128556
5483,32.97773,-117.0735,582.2,118432,130331
4442,33.91154,-117.2666,202.5,47708,56560
6188,37.67694,-121.0219,177.2,53400,59819
1296,40.25016,-80.21076,114.1,39412,47489
3507,40.18241,-74.85074,229.5,63559,64457
4533,40.59031,-124.1423,293.5,34160,54154
6539,33.16874,-117.3316,614.6,70654,82103
3000,33.78227,-118.1273,836.6,79620,134514
4579,33.79332,-118.2909,244.3,61150,66609
3676,32.64934,-117.0886,168,38134,51773
4913,40.04039,-75.03793,156.3,53350,60057
4130,34.5662,-118.1246,169,44678,55310
10787,34.1489,-117.4305,341,99571,103715
5023,40.23766,-76.95751,183.2,57932,67939
5475,40.68545,-76.20137,46.9,22438,32000
4893,34.07057,-118.0126,342.8,33555,39536
6955,40.44642,-80.21305,144.9,74906,88269
3828,41.42818,-75.25755,222.3,49954,72982
4016,34.01536,-118.4929,804.7,36467,72981
5062,32.72479,-117.0564,355.9,54856,65408
6594,38.45107,-122.7379,363.9,40250,48325
2737,35.25954,-120.6617,353,50714,65250
3655,33.92959,-117.4969,284.3,63333,72033
4326,37.96466,-122.269,537.1,105952,120505
2402,40.06806,-74.97153,227.7,48873,56954
4097,34.09439,-118.1638,396,42820,60795
1483,38.01692,-122.1359,565.8,30993,39353
3285,40.11253,-75.31139,342.9,60446,91821
9584,33.85024,-117.9313,345.5,38295,48389
3211,34.2745,-119.2725,554.6,52230,63849
3517,36.85693,-119.797,429.7,67518,85578
4913,38.47059,-121.4403,171.8,44848,55355
3478,36.70764,-121.6241,354.9,72958,83952
8391,33.70617,-117.7936,634.9,115949,117818
7743,33.75575,-117.016,130.1,50819,68779
6811,34.94887,-120.4459,231.5,30085,46074
5708,36.79788,-119.7208,172.2,39436,51067
2584,41.42352,-75.6379,185.6,55694,82284
4743,37.81885,-121.2388,230.6,72895,76201
4464,41.54353,-75.2623,174.2,48879,58535
6356,33.8564,-118.1731,356.1,44010,60889
2439,34.18485,-118.3843,458.6,43828,47463
4352,34.6822,-118.0993,210.8,54886,66650
5122,33.50978,-117.1039,346.6,90814,99670
2129,40.34564,-75.96191,145.9,55097,54210
5100,34.07852,-117.6148,257.3,55542,60014
3435,37.92398,-122.3837,601.6,80500,109291
4393,40.45544,-79.21184,123.8,48299,63151
4800,34.43141,-117.3067,141.8,32866,38061
785,39.98038,-75.16903,67,17634,28302
4679,40.20929,-77.94978,109.1,39397,52998
5139,33.94197,-117.4647,239.1,34286,44505
5641,37.96913,-121.7524,355.8,85441,90942
2555,40.69747,-80.30319,168.1,55625,69847
6061,38.74032,-120.8344,294.1,60549,67187
3000,33.96789,-118.0696,291.1,40888,49567
7555,40.08173,-76.40495,226.9,78304,92833
2079,38.44266,-122.7145,403.3,43098,50692
9554,34.90864,-120.4266,345.6,68188,80563
2481,40.97618,-80.47336,104.9,52740,56010
7487,36.88346,-119.7565,499.6,105856,174412
3299,40.6777,-80.12892,199.3,77964,90046
2885,33.79828,-118.0774,797.4,102308,130685
3779,38.00402,-121.722,238,86833,94305
3775,40.47766,-75.45516,295.2,70549,81661
2791,41.36227,-76.04038,155.3,66983,74886
3656,41.40651,-75.67971,92.5,31280,37955
2969,41.69412,-76.221,145.1,46786,62091
5366,34.11253,-117.496,367,92917,98729
3835,34.00987,-117.903,372.4,57772,56681
2326,40.54737,-79.67649,167.1,59044,74906
4782,37.06705,-121.593,900.8,79213,106109
3167,40.47235,-80.03019,49.2,30656,38465
2309,39.93284,-75.26505,155.2,50859,63358
4150,41.58177,-76.01137,151.1,48567,57839
3254,32.85064,-117.1948,607.5,74388,96496
3477,33.9057,-118.3748,628.5,104886,115334
4154,36.73974,-119.7094,179.6,30680,35296
2841,37.26562,-121.8137,579.9,74861,78325
6352,33.7648,-118.0037,436.1,37202,51146
4311,37.32857,-121.8255,306.3,64063,74379
2944,40.5882,-79.56113,81.7,39848,50508
3563,37.89726,-122.2747,999.7,157500,186191
4199,34.17323,-118.6004,364.1,85905,97137
3711,34.1268,-117.8955,335.9,40000,58350
3193,33.90905,-117.2309,154.4,45167,53323
5030,39.86384,-75.4384,270.8,81207,92031
5055,33.95436,-118.2639,254.3,33169,41978
3159,38.58281,-121.4833,321.1,36863,47126
4220,38.55291,-121.3904,308.2,61819,67666
1732,40.15418,-74.82188,233.9,76645,80061
3324,34.25982,-118.7794,478.8,101103,117003
3787,34.26532,-118.6114,446.3,89461,126088
2783,39.13405,-121.4235,253.4,61786,74002
2642,37.85889,-122.2585,619.4,67865,87870
1428,40.57585,-79.76447,48.5,24444,34583
3568,41.57593,-75.49548,92.5,35625,43515
2810,33.86372,-117.964,395.4,88750,87945
4754,33.78783,-118.1631,311.5,43102,50373
5114,34.1787,-118.2989,456.8,53811,55411
1881,41.77449,-124.1935,133,24271,33650
2100,33.97837,-117.8493,545.7,80541,86457
4405,40.11549,-75.03505,226.3,43281,51318
5325,34.22174,-118.99,365,52434,67430
7272,34.43981,-117.6238,189.9,38140,68684
2082,40.4532,-79.92565,192.3,44383,80600
133,38.78095,-120.2427,333.3,46528,57324
4005,33.17565,-117.2683,416.3,73000,76313
3786,33.90633,-117.9508,577.2,88611,107009
7719,39.88436,-75.37629,295.1,88062,111146
1471,35.06923,-119.4149,88.3,38482,52958
3877,34.02733,-118.3014,341.5,41359,58667
1950,40.00683,-75.55538,330.9,55273,86183
4732,34.1133,-117.3646,173.6,44048,52479
4011,37.65312,-121.782,898.1,182534,195804
3945,32.74495,-117.0893,353.4,29048,45132
5397,34.22278,-119.1905,390.2,50821,60754
1100,40.34857,-79.87699,39.4,21568,32723
5125,37.67032,-122.4783,656.5,52975,68305
2165,41.40358,-75.64633,111.9,38176,46649
2420,39.96623,-75.60395,375.8,50284,78109
5451,35.49611,-119.2788,106.3,33472,36596
2914,33.67655,-117.9269,687.1,101929,111432
6507,37.75386,-121.4212,181.9,49727,57209
2274,34.16272,-118.35,693,67679,92173
3593,40.68427,-80.47364,113.4,51000,58655
4480,34.41024,-119.7007,541,52557,66403
4889,37.96734,-121.3257,168.8,37578,48549
2060,32.73604,-117.2447,835,88041,107837
5766,33.7488,-117.9552,458.8,48851,69670
5089,40.18803,-75.4582,331.6,104107,113328
1534,37.75959,-122.3896,683.3,135119,171707
4118,34.12992,-118.0593,517,55000,69561
5956,40.11132,-77.17952,173.5,60434,65781
8933,33.79282,-117.8772,480.2,77679,88838
2844,34.21829,-118.463,289.2,50238,58263
3014,33.92512,-118.2469,334.7,37068,46095
5618,34.06834,-117.1296,252.5,57385,69992
5978,34.48615,-117.1736,96.8,24854,36254
3191,37.34826,-120.6043,153.3,32990,41494
2921,40.54494,-79.8333,106.5,40286,64838
4721,37.47045,-122.2259,630.8,51435,61716
5111,39.91091,-77.71352,176.7,49926,70031
5416,33.92759,-118.3481,342.7,40039,49477
3139,34.09071,-117.8918,365.2,57805,65361
4337,33.97392,-118.4603,951.5,133835,175019
5282,34.10546,-117.7635,432.6,68614,72272
3331,33.25134,-117.2823,380,82303,87317
3804,33.8275,-118.2575,371,70000,80728
7005,32.61836,-117.0339,398.2,82857,94404
3969,33.71654,-116.3736,370.1,62000,91098
3478,37.73409,-122.3847,409.3,29774,49906
6659,33.78569,-118.3173,526.9,63726,79947
6133,34.0583,-117.6529,292.3,35000,40961
2986,39.96012,-75.15695,266.1,56350,66235
5632,40.90828,-77.45133,150.1,44382,53082
4351,37.78106,-122.2103,361.5,42857,49629
4093,37.73262,-122.396,582.4,80906,94785
4733,40.24924,-75.59716,192.9,67167,68473
4422,40.38029,-120.6207,257.3,65721,74775
2026,40.32996,-75.92072,37.1,23774,27404
6450,37.49938,-120.8633,158.2,39167,51750
3818,38.47177,-121.3158,451.6,81528,98272
3006,38.13517,-121.2818,309,41389,64695
6397,33.68093,-116.186,155.4,44703,47297
5076,34.04638,-117.3684,194.6,52994,65098
6288,33.99215,-118.2979,275,44524,51718
2466,41.38939,-79.82542,62.2,39712,49632
2490,33.95629,-118.3832,318.8,58207,65320
3883,37.93372,-122.3144,623.2,108750,125073
3048,32.79622,-117.2418,509.3,55716,74826
5503,33.92735,-118.1211,468.6,40103,47568
6293,40.04794,-75.56345,391.7,90938,133047
4760,41.03384,-75.15873,227,57654,73329
1853,40.02354,-75.31358,812.5,76136,116462
5265,37.38524,-121.899,75.1,76433,94710
4115,32.7086,-117.1383,329.6,34852,40520
7043,37.9778,-122.3079,346.6,56506,76987
4795,38.50184,-121.4601,75.7,29500,38359
4141,34.08841,-117.3918,266.4,68750,77465
4083,40.09719,-74.98842,230.2,54008,56785
6378,33.52605,-117.6934,673.3,81830,104087
1680,40.55183,-80.19209,491.1,143750,222555
4301,35.14308,-120.6307,498.3,62005,79247
4001,40.48222,-78.40588,117.2,48346,65132
5828,34.08194,-117.8882,426.9,55754,70009
5979,34.02497,-117.6595,337.7,81430,89594
6406,38.0154,-122.5582,713.1,100833,118854
4995,40.2116,-77.19666,151.2,49371,62320
5349,34.40512,-118.5608,452.6,85938,104052
4590,33.87677,-118.0023,427.8,48110,59372
8791,39.84395,-75.49142,387.3,112444,126249
2482,38.8595,-121.1822,533.9,100750,130591
6366,33.91715,-118.2037,347.4,56528,59519
3967,39.98158,-75.17995,67.6,16528,26583
3643,37.79838,-122.2433,423.2,41550,56051
2122,40.41217,-79.87866,43.5,20199,32398
2523,41.23436,-75.90983,76.9,39809,46307
2698,34.00192,-118.3238,364.2,32153,44720
5142,36.43716,-118.9798,322.5,57083,72601
6765,34.96424,-120.4444,259.8,54207,72394
2271,41.25191,-77.01395,139.9,46406,73344
6823,38.29041,-121.9858,376.8,103728,106140
6307,37.79731,-121.9665,825.2,123100,160769
4110,34.21337,-118.3837,365.9,67756,68947
7893,39.04874,-121.0551,435.6,74107,88777
3071,41.23958,-77.0625,112.8,34837,44771
3469,40.40773,-79.93771,57.2,25927,38547
3489,34.71023,-118.1441,161.4,37917,46709
3838,34.19348,-119.2004,431,76875,87089
7171,34.14816,-118.0055,479.6,66061,72364
4498,40.09369,-74.95731,350.9,61061,68073
4018,40.03462,-76.3147,73.5,32207,38316
4762,34.50708,-117.3116,121.6,29875,48822
5223,40.11075,-77.24163,231.7,75970,91754
4112,40.27143,-76.40825,214.3,70708,91230
4317,33.89219,-117.8796,482.3,59779,66629
4320,37.79801,-122.4205,912.2,104205,149601
7444,38.01141,-121.9579,380.7,75263,99548
5729,33.67955,-117.1596,307,81172,84230
6423,33.92308,-117.9672,352.6,69316,77652
3315,33.72823,-118.2851,367.8,43582,55006
3598,35.40185,-119.0669,256.9,82058,88602
6070,34.42072,-117.5403,208,43867,64671
4212,38.66725,-121.2005,324.8,72652,78310
4028,34.23379,-118.4632,321.4,29840,40198
3252,34.21471,-118.5056,477.3,87524,97526
4293,37.77599,-122.4296,692.2,64896,88359
5885,38.11645,-122.5919,636.2,76220,87630
4234,38.95642,-122.6353,100,25945,32369
3477,33.82673,-116.4682,246.6,56696,63850
7246,40.25948,-76.99255,252.3,110368,118855
5315,40.28051,-75.63514,237.1,84591,93123
6742,40.03604,-75.75383,366.3,107944,118122
7138,35.13076,-120.5766,647.7,80000,105761
6022,34.55132,-118.0316,206.2,56327,69267
5082,41.33454,-78.63396,94.2,44904,51291
5752,34.1424,-118.1086,717.3,75227,108646
5663,34.12895,-117.8556,452.5,56916,67395
4340,40.05885,-75.15472,104.7,45906,49940
3313,33.96952,-118.2747,174.2,35324,40911
4066,34.15136,-118.4272,610.2,62981,84984
2281,37.97663,-122.0362,113.9,29773,47186
2733,33.80917,-118.0714,668.8,100288,137279
1477,40.9446,-122.3556,249.2,48088,73692
5830,41.39158,-79.89518,92.6,50317,60212
4784,37.24886,-121.7862,528.5,106989,111848
6505,37.87914,-122.5347,970.7,123083,160904
2913,34.22452,-118.541,395.2,44025,72277
5262,33.97845,-118.3108,284.2,36369,44515
1834,37.32871,-120.8766,323.9,51814,58490
3865,34.18089,-118.2841,765.3,105147,125088
7371,37.53744,-121.9868,507.6,79526,83866
3292,37.40159,-120.5809,386.4,51136,81543
4998,39.91875,-75.16692,180.8,42520,52376
4882,33.96763,-117.2509,279.2,81466,92758
6210,38.76338,-121.2778,362,74017,88233
7027,36.96067,-120.0616,217.8,27600,39614
6558,40.17641,-75.29151,474.6,100691,151324
3855,38.02665,-121.3646,280.3,55902,68093
5871,34.15306,-118.3876,726.1,64833,95105
2706,37.78823,-122.1862,528.6,90408,101662
5913,34.66695,-118.1912,253.4,51592,66790
4924,37.98421,-122.3274,354.3,69682,77484
7908,34.12648,-117.173,394.9,114688,130053
5098,40.98416,-78.32151,88.4,40401,48781
4346,40.12674,-75.53425,205.6,56535,65985
5576,39.9598,-75.19045,455,21912,37098
5157,39.61371,-121.402,195.3,35570,49140
2572,40.40575,-80.09429,99.5,41463,55288
7131,34.41232,-118.4523,242.5,52242,64515
11406,34.92907,-120.4473,280,50764,60267
2761,34.02767,-118.4061,578.1,48478,70384
3902,34.02757,-118.4117,519.7,50992,65130
4668,37.67598,-121.7418,705.5,89722,109988
4325,34.1686,-118.4556,596.6,72031,84856
3060,41.3907,-75.64095,170.1,51423,68594
6704,33.86697,-118.3495,566.1,60404,80093
3970,37.21407,-120.522,366,49182,72489
7452,32.80536,-116.9228,462.9,53942,72928
3219,34.00795,-118.2628,336.7,30150,35580
3333,34.07095,-118.0086,323.6,41922,63224
5734,37.74822,-121.9693,896.6,164280,184925
4193,32.6879,-117.0314,379.6,87092,94848
3352,37.70204,-120.2442,279.9,46399,66095
2545,33.64964,-117.2463,299.2,77298,80902
4679,35.36215,-119.0243,178.8,34100,47052
4289,40.55632,-75.98203,126.2,41989,55437
2483,41.49242,-78.67933,46.1,30959,36426
5085,34.06508,-118.0579,389.4,31533,42440
3639,33.9244,-117.2793,200,25179,33717
4249,33.60129,-117.7233,412.5,57917,86968
4453,34.14309,-117.8374,670,107434,120675
8090,33.70961,-117.9934,418.8,53690,65682
1902,40.50242,-80.05513,97.5,41875,54440
6202,34.01874,-117.4938,266.3,51296,57559
4074,37.47057,-121.9134,755.4,131875,149581
3471,38.56381,-121.7512,506.5,59922,76943
6801,32.8318,-116.7714,503.7,56319,87815
5718,38.65223,-121.2345,470.7,81058,95461
1272,39.92879,-75.89951,237.7,52065,70899
4461,41.82786,-75.8677,138.4,44286,56641
4822,34.18398,-118.4427,334.6,33457,40609
4037,40.28437,-75.29225,267.6,53194,65502
6598,34.38961,-118.559,482,79111,94116
4414,33.8414,-118.1494,548.5,101813,116268
3593,39.95861,-75.9197,195.5,66071,72294
3833,37.78874,-122.4128,498.9,36328,49513
3052,32.75551,-114.612,33.6,22703,32237
6101,40.3528,-80.15594,185,92171,109703
2139,35.63804,-117.6536,64.2,39318,42838
2472,40.28585,-75.82888,115.2,51429,64432
4145,36.82685,-119.7693,253,65962,75164
6452,40.92135,-77.12147,131.1,43375,53897
4113,37.78913,-122.2251,304.9,37731,48206
4986,40.3195,-76.44859,219.9,65625,89492
6197,34.0514,-118.0359,386.9,36705,48196
4709,39.85068,-75.66297,463.1,103983,148615
1769,38.30433,-122.2902,588.9,41389,52400
4533,32.78529,-117.1096,227.1,56927,64708
3849,34.0089,-117.8755,372.3,66359,78950
2728,41.92477,-79.83225,123.3,54946,61073
4325,38.24893,-122.5965,564.6,102727,107380
4903,33.91131,-118.195,302.2,48357,50487
4089,38.23771,-122.6127,403.7,62018,76264
3098,41.68234,-79.83759,84.4,41689,48337
5678,34.07817,-117.9018,398.6,38065,64893
3158,33.87598,-118.3381,602.6,45287,65034
7505,36.98151,-120.6331,152.1,34504,43590
4307,41.77228,-77.99626,108.2,44150,61918
5783,40.29753,-75.36153,341.1,82111,96903
3226,38.14594,-122.8084,889.6,79375,113630
7080,40.39696,-80.12615,152.2,65612,97532
7253,37.29973,-121.8458,88,45061,54865
5768,37.43578,-121.9131,562.6,98125,102038
4131,38.71642,-121.4404,288,72900,87073
7656,38.71287,-121.3576,271.6,72232,83385
4101,33.77869,-118.1827,431.8,26611,34074
2589,37.63532,-121.0086,154.7,30550,33990
4355,42.07011,-80.17435,150.4,58696,73762
4910,36.30493,-119.3394,198.8,48143,60797
2749,37.9628,-121.2762,147.3,27063,37985
1865,41.62914,-80.34424,117.5,44375,62347
4469,40.07832,-77.65548,172.2,51006,62090
4959,38.44774,-121.8415,359.4,86307,101475
4635,41.07511,-75.32412,248,58051,79198
2370,33.94064,-118.2135,377.8,29420,38510
3856,34.14457,-118.2469,578.3,21434,40821
2833,41.26564,-75.83957,91.7,37255,47957
3428,40.50854,-80.04564,114.2,56607,67738
4554,40.43307,-79.91778,305.3,63594,103693
3789,39.95443,-76.74348,56.4,29005,37013
4339,33.79644,-117.3771,400,70417,93607
2073,33.73361,-116.9279,204.4,55985,68409
5489,34.43539,-118.4099,393.8,100461,111388
3769,39.93439,-75.15,268,30257,59622
2456,39.93579,-75.27344,180,62143,72237
2703,41.23965,-75.89791,77.4,23304,36164
3633,32.58023,-117.0555,375.5,67755,69199
6842,37.72258,-122.1533,348.9,43916,52580
5407,40.07226,-76.36517,281.6,56949,87887
6978,38.44872,-122.6696,445.4,62857,77208
4246,34.08998,-118.3813,632.7,72500,94257
5295,39.7501,-121.8189,296.6,60792,78761
3113,40.38546,-79.75425,107.5,47574,59505
2688,40.33344,-79.30074,91.9,36146,44147
4192,34.17426,-118.409,569.8,55368,92398
5210,34.27933,-118.4112,312.9,34875,47243
5665,34.12729,-117.9041,391.9,38268,45213
3503,40.24131,-75.77846,213.1,68250,78277
6106,37.81256,-120.9983,492.1,55435,74484
2998,40.03485,-75.51772,332.4,59574,81713
8309,37.91889,-121.7096,413.4,81232,92233
3376,41.43402,-75.64105,170.6,51029,65054
2155,40.93635,-79.48729,68.7,41571,49894
2819,41.21037,-80.49905,32.9,24000,29438
3941,40.83158,-75.88194,55.4,34369,39221
2322,38.25797,-122.4378,914.9,79468,142999
2484,39.8356,-75.93972,284.7,76795,86103
4762,33.77272,-118.1955,228.3,33469,44954
4926,34.06406,-117.9543,389.5,92436,92447
5776,32.74014,-116.9814,372,66679,80230
4557,38.28919,-122.0488,457.3,115658,133611
6892,33.83593,-117.7637,630.7,117159,140817
2731,40.75568,-80.31562,48.4,31274,39744
3523,37.56047,-122.2628,836.7,110294,140972
7486,40.196,-76.98147,171.2,52670,62384
2240,40.66024,-122.3613,335.1,63490,64246
4912,38.62352,-121.2482,391.3,80469,108307
4307,39.91876,-75.3053,214.7,53111,67505
5764,34.60017,-120.1393,713.4,61367,93382
4037,34.03566,-118.4746,658.2,74716,92277
2104,40.51488,-80.02439,102.4,47649,52394
6270,34.41858,-119.7056,726.3,40139,54820
5966,34.04524,-117.6608,288.8,55223,71521
8140,33.79315,-117.8073,489.6,89458,103810
3678,37.98725,-120.376,306.5,33769,58575
6231,40.7423,-75.32144,258.8,85934,100139
3929,37.51812,-119.9966,248.6,40500,54216
3363,34.25114,-118.2823,365.2,48224,55521
4897,35.31599,-119.1021,178.8,69537,69680
2143,33.98528,-118.1947,394.4,43672,51962
4928,37.81119,-120.8355,551.4,72750,96537
5249,33.77801,-117.9152,396,63403,67273
4113,38.27772,-122.0363,309.8,73438,77693
5180,40.48883,-79.79632,94.3,52018,53211
5793,34.1917,-118.1197,719.1,103514,161478
3107,33.8904,-117.7554,799.8,105729,130841
5905,34.06081,-117.9769,329.3,54980,65506
4378,40.42413,-79.78124,97.7,48750,66704
2340,39.9233,-75.38822,262.3,73375,84842
5633,32.86037,-115.816,122.9,33188,41080
5176,33.79789,-117.8237,467.9,67164,87147
5097,33.81978,-117.933,407.5,45427,63054
4463,33.86344,-118.1175,462.4,84085,93254
5499,33.80061,-118.2139,356.7,54029,67554
7026,41.84499,-124.1516,289.6,65553,68169
11112,33.9717,-117.7055,354.5,69038,78412
5221,34.42776,-117.1599,228.7,61393,69650
3423,37.10313,-121.9376,852.2,107785,141405
7427,41.17403,-76.90331,122.9,48641,57473
2091,34.10328,-118.2243,569.4,58257,129907
2388,34.27339,-119.2224,433.1,71509,81870
4307,38.24426,-122.6082,435.4,75109,83867
3562,41.5863,-79.63768,79.2,43015,50687
3367,41.96235,-76.52138,88.5,33635,47042
6533,33.94917,-118.3479,433.3,26816,38148
5784,37.83462,-122.2024,832,125714,152845
2895,34.38249,-118.5494,487.8,68750,87788
2869,34.14955,-118.4328,891.9,112292,142261
3659,41.68545,-75.11793,193,48428,58099
1726,40.43154,-79.88092,160.1,53750,76501
5816,33.76514,-117.9911,408.4,57750,68151
5689,32.75401,-117.0842,197.1,24294,27813
7955,37.00379,-121.5773,523.2,65352,77380
7353,37.94826,-122.3399,287.7,61607,67349
4891,35.50855,-120.6816,407.1,77014,88562
3855,40.51278,-78.54383,76.5,42797,49773
3065,34.34809,-119.0852,357.7,76250,82741
3313,39.96593,-75.23791,64.1,16786,26232
4638,34.2037,-118.1532,603,100734,136676
4284,33.89247,-118.2268,272.4,24963,36144
5751,35.3105,-120.8418,416.8,55976,69614
3235,38.34776,-121.9419,328.7,75388,92098
3216,37.71093,-122.42,489,23071,32872
4218,33.78224,-117.8027,545.5,90750,118274
4035,41.53518,-75.73201,182,60660,84514
6870,34.18146,-118.331,521,79665,88682
4449,33.74215,-117.9156,315.2,41676,55184
3688,32.76797,-117.1884,371.1,50396,68049
2985,37.48237,-121.9201,678.2,126116,135664
5369,37.74381,-122.4146,786.4,109375,137652
4599,36.78791,-119.8222,167.3,26190,37127
3169,39.89591,-75.39995,306.9,91563,106830
3573,40.66201,-78.10767,157,54915,63445
5116,37.42583,-121.8693,651,129481,136195
6625,40.57863,-75.46312,125.1,32831,41878
6565,34.22124,-118.8255,823,167821,179423
4454,38.48792,-121.4039,200.8,42500,47601
4358,34.00736,-118.2892,313.8,26717,31090
1573,41.19385,-75.93975,76.4,40870,54743
1242,40.47319,-79.98221,97,58608,60035
7430,34.29386,-119.2998,404.9,42891,50695
3744,40.48347,-79.97406,65.5,36864,47503
4260,34.14584,-118.388,646.9,83063,118443
4795,34.25963,-119.2682,711.3,54292,87072
4673,32.79089,-116.9587,302.1,32058,40643
1380,40.40333,-79.85976,40.9,18472,32707
6369,33.88199,-117.8524,588.5,94918,109200
7098,38.3755,-121.9821,432.5,73030,107028
6577,37.75971,-122.4192,847.2,49661,82836
2668,33.8204,-118.0496,882.9,155789,172869
5962,37.94076,-122.3624,185.7,25469,37673
5668,34.53514,-118.5812,392.3,68571,86412
2720,40.06399,-74.9625,258.3,48417,56748
3309,33.97371,-117.4571,251.5,64384,71391
4241,33.50073,-117.7265,922.5,81947,132919
6286,33.09823,-117.0438,605,105804,122258
6404,37.58827,-122.4871,632.4,94120,112336
2192,41.22711,-75.89817,70.6,38700,45267
5357,38.12427,-122.2387,293.9,53387,65812
4516,37.77668,-122.4085,643,93281,111745
2797,38.47836,-121.459,175,50433,58494
6456,34.49146,-117.3595,193.3,70489,69502
4916,33.69232,-117.7753,442,79792,84252
6545,33.57403,-117.7403,763.5,153730,161805
2638,36.95913,-121.7787,450,48477,64144
3779,34.13946,-118.0803,703.6,77083,139315
8317,36.83139,-121.3765,387.2,79139,83536
4419,34.03921,-117.6911,386.4,51707,74600
3752,38.7145,-121.2965,161.4,52112,56965
5791,39.93441,-75.57636,415.5,113906,135990
1665,40.33733,-80.03503,144.6,76161,84702
4371,36.81535,-121.6674,478.3,78623,95270
3320,34.01374,-118.2694,365.1,29375,36188
3855,37.60127,-120.9422,140.7,37674,47721
4753,38.1103,-122.5717,572.4,53438,80758
5546,38.02985,-121.9489,214,48214,55942
3005,37.45633,-122.2346,826.8,116250,142145
4289,39.97631,-75.15516,116.7,22411,39953
4038,34.23258,-118.4183,392.1,67212,68271
5813,39.93364,-75.2489,145.6,51311,67140
1864,40.17138,-80.26187,54.3,31828,35170
4176,33.90102,-118.177,233.5,48625,55136
4854,34.09257,-117.9126,364.4,66985,66906
6858,37.273,-121.8359,510.5,72400,80887
2222,34.1447,-118.3737,649.7,74477,90835
3297,40.08309,-74.94727,264.5,66369,64957
3649,37.63458,-122.0698,364.3,49196,60466
5857,32.90271,-117.1318,312.3,79300,88904
4955,32.82096,-116.8676,395.8,76016,92579
5892,40.30186,-79.95454,211.9,83265,109262
5551,34.28962,-118.5637,656.8,101985,114591
2504,36.72561,-119.7293,189.4,16788,32393
28960,32.62537,-116.9988,478.8,90531,96617
4719,34.13956,-117.908,413.1,50518,63753
4475,34.02214,-118.4305,918.1,75772,104439
2983,41.09724,-124.1166,413.6,40571,51778
2997,40.4485,-75.57813,216.5,71157,93150
2871,37.41416,-122.0921,602.4,107609,144426
4086,34.13472,-117.8771,460.3,70933,79255
2633,32.82749,-117.1483,315.2,77000,74576
3204,34.17224,-118.1236,644.1,55265,83230
6148,37.65596,-122.4461,646.4,95455,107803
3553,34.63078,-118.2703,395,106667,113040
4595,32.56017,-117.0719,313.1,60485,70622
3494,33.77304,-116.35,458.2,73652,99740
8267,34.56474,-117.4728,99.7,30686,43421
5110,33.97217,-118.0539,341.9,51967,63840
5742,34.56937,-117.9476,169.9,60385,65651
4922,33.03814,-117.2543,618.9,89281,117950
8379,35.61014,-117.6856,181.4,56615,69223
3292,40.26039,-76.88112,178.8,30121,37742
4701,34.05943,-117.9691,399.8,49192,56827
5839,40.04596,-75.10457,121.6,44318,52365
4627,36.80759,-119.6564,296.7,85543,92123
5282,34.11382,-117.5835,353.4,78542,85994
2978,33.58947,-117.5969,615.9,122679,141032
3687,34.08822,-118.3876,715.4,55565,92996
6075,40.38318,-79.70959,174.5,81121,92284
2990,33.98484,-118.2433,316.7,45046,52993
3989,33.85237,-117.5994,478.9,107316,131374
6212,33.81575,-117.8899,317.4,58896,64854
3580,34.02406,-118.1623,390.2,31471,42422
4233,39.01682,-121.4276,208.9,62748,62632
3614,37.56717,-122.2589,874.6,111250,128394
6913,37.6769,-122.491,575.5,98439,106784
1461,41.46508,-79.41714,84.3,38594,46619
4910,38.32627,-121.9657,319.9,95331,100081
5285,40.08163,-75.03898,188.8,41719,49415
3765,34.20272,-118.5908,387.7,44355,60689
2956,39.3519,-121.6663,246.6,37413,51840
4972,34.03128,-118.2114,271.1,29066,41339
10096,33.66691,-117.7804,551.5,98838,106476
2884,39.96028,-75.20714,116.7,23365,31914
3403,33.49292,-117.1835,710.7,42045,86863
3713,42.16467,-80.00037,143.4,58493,64869
1425,38.57609,-121.5026,297.5,49750,62954
2074,41.24194,-75.95266,85.8,41656,48573
3000,39.96813,-79.60287,63.8,32219,43105
5155,38.24957,-122.0138,252,53889,63135
1274,40.45777,-79.96468,90.9,36750,48872
5162,40.30039,-76.94771,187.6,75324,86659
4991,39.86723,-75.36718,96,33297,41911
5038,34.01387,-117.8717,534.5,76667,88830
4652,37.77147,-122.4359,946.6,88070,115922
4287,33.66544,-117.9844,596.6,89826,106654
7377,37.31738,-122.0231,841.9,121250,131087
2503,40.54336,-80.33594,145.4,54919,72755
3934,33.989,-118.1818,302.9,37575,42055
5560,33.11266,-117.0774,377.3,34974,44180
4980,37.58483,-122.0574,575.3,89036,107825
6555,39.1201,-121.5494,184.8,60373,60725
7103,34.6169,-118.1949,291.3,81031,98192
6782,34.01325,-117.3382,227.4,44877,60461
4074,37.34764,-121.8919,488.4,55197,80949
7328,34.42682,-119.8839,606.4,73289,87019
3670,34.08021,-118.3065,577.1,35680,48976
4604,36.7854,-119.8128,186.3,24477,34315
2250,35.50527,-119.1322,425,41250,81481
3369,32.81672,-117.078,563.6,86033,106459
2997,32.84665,-117.2255,695.5,109922,129756
7229,37.99166,-121.7971,280.5,61864,72767
2928,34.14938,-118.137,538,51977,75326
6253,37.53199,-121.974,521.7,87813,101953
7632,38.75681,-121.3238,324.8,84247,93028
7809,37.96571,-122.5055,201.7,30983,42308
9659,39.99028,-76.65436,189.4,49921,68452
7884,37.38375,-121.8353,476.8,70193,79013
5778,38.01463,-121.2874,188.5,43463,52477
2300,40.90114,-75.99314,76.4,37446,45008
5114,33.81295,-118.3834,855.3,99643,118205
7143,36.68032,-121.6175,265.2,33341,40374
6878,36.95288,-119.9822,251.1,46950,66011
3939,33.96495,-116.5038,169.8,27813,33661
3646,37.76445,-122.2313,772.9,99000,117761
5399,33.73712,-117.837,160,41983,51373
3170,40.17787,-80.24577,94.1,38971,45674
5548,36.61289,-121.831,496.9,62917,68808
5275,37.32981,-121.9274,771.9,101304,127381
3510,39.23828,-120.0208,476.8,39286,50675
6738,37.91199,-121.62,338.4,102250,102538
838,41.15331,-76.15153,72.9,29500,40039
4162,40.81224,-76.13892,33.2,26463,34143
4406,41.72177,-122.6332,148.9,31468,49661
3074,41.16931,-75.38258,190.7,55820,60820
5565,39.99781,-76.36185,192.6,51833,64124
5096,37.74508,-122.4264,964.5,110625,124821
5671,40.25622,-76.67142,283.2,77583,118430
7831,37.94885,-121.9346,618.3,122829,141132
5969,34.11986,-117.3758,218.2,47554,53621
4304,33.92034,-118.3,401,51454,67802
3034,37.7651,-122.4291,751.3,109803,117959
3230,40.46244,-79.92645,47.7,20954,32092
7677,40.25366,-75.10252,442.9,136920,160772
6523,37.71224,-122.0317,697.2,126532,147834
2344,40.18148,-79.86065,52.4,30729,40491
3771,33.55334,-117.2068,217.3,35929,51062
12847,37.96126,-121.7962,409.6,98542,107136
2773,39.94729,-75.1566,421.9,21250,64045
1356,41.83811,-75.23404,183.7,38729,53020
3131,40.69956,-75.34825,311.6,90966,115395
4665,33.92725,-117.8944,468.2,80038,80420
1982,40.09843,-79.59306,102.1,39036,44971
3882,32.77335,-117.1964,626.7,68654,90524
3992,33.77182,-118.1577,411.5,53150,86241
4418,33.98628,-118.4471,946.6,105051,146685
3867,39.98156,-75.83339,177.2,46758,61842
5296,40.54133,-75.49823,214.5,64635,75838
5159,38.84733,-121.2663,422,106080,128114
2571,40.06219,-75.18492,238,62118,91010
5099,37.97287,-122.3317,346.8,47482,64703
5269,36.23414,-120.1075,123.3,22123,29317
3595,40.85845,-76.7868,65.8,29235,46394
4472,39.9268,-75.24075,89.4,30985,37058
2288,34.07268,-118.1772,337.9,48182,63931
5049,41.3013,-75.80523,116.3,52297,70771
3778,39.94701,-75.17879,490.6,101081,147721
3973,40.31192,-79.36064,101,39206,52513
2586,34.07183,-118.3806,661,51750,80303
2660,40.67963,-75.20533,166.5,46563,50188
3761,36.10215,-119.5772,183.9,26555,41578
3834,32.96567,-117.0988,246.5,58135,65877
3811,37.79355,-122.4247,954.4,125066,148375
5295,40.84972,-76.00127,126.9,49009,60703
3647,33.966,-118.1905,176,39094,48661
5696,37.51703,-122.3086,913.6,138833,147715
2201,34.24761,-118.5586,766,104625,146076
3435,33.80549,-117.782,903.9,104200,173047
3275,34.11384,-118.1949,464.2,40665,44074
4585,40.01734,-75.34171,597.5,103103,156156
9186,35.36565,-118.9019,193.8,57742,63268
7146,33.81049,-117.9979,305.4,61225,69163
4788,37.731,-122.4118,591.2,83103,124052
6067,38.66866,-121.3438,240.1,36094,47035
3290,40.27732,-75.29882,272.6,67784,72728
3373,34.04205,-118.2881,443.6,31979,45586
3775,32.79748,-117.0868,407.9,60104,87061
4619,36.10094,-119.5736,137.3,36517,56694
5173,35.32787,-119.0702,197.4,43029,53049
3283,38.32954,-122.3294,576.7,91283,109523
5940,37.3594,-121.9631,588.5,71076,84486
6878,33.94152,-117.3834,269.7,62698,71718
3412,40.43175,-79.26173,91.5,38965,50257
4854,42.05021,-80.16573,232.4,109375,140107
3152,34.32426,-118.4389,425.8,89063,88206
4367,35.36685,-119.1043,212.4,67553,76621
5097,36.20309,-119.3209,182.4,48375,56502
3064,34.05175,-118.2186,446.3,40160,52908
4658,33.67538,-117.898,593.8,59500,88487
7339,40.62592,-77.55263,98.1,43383,54590
4280,32.74519,-117.1428,439.2,44468,57749
3810,36.79189,-119.714,227.2,41399,49365
761,40.46022,-80.02177,59.4,20066,30231
6680,37.05067,-120.859,249.1,64900,94530
2135,38.76587,-121.3184,349.1,83138,77661
3223,40.95104,-75.97087,75,25160,33959
7453,34.06875,-117.743,372,47089,61025
3617,34.08285,-117.3038,172.7,44441,50249
2406,40.47201,-79.91579,208,80050,87163
3690,40.4881,-79.75875,148.9,73701,82528
4077,40.1234,-74.99732,275.2,78750,89789
5567,40.83163,-79.55065,118.5,50636,61080
4497,33.98254,-117.3743,229.2,28967,43289
6937,32.67711,-115.4962,168.4,23269,36637
2201,41.43707,-79.70364,35.7,28625,34156
5947,40.10282,-76.35675,176.8,64000,71276
3384,38.67184,-121.2569,352.3,64444,81037
3828,33.88415,-118.3062,409.7,48397,56845
5056,40.21899,-75.67788,262,84063,93433
5962,41.20104,-77.26765,106.5,45929,48464
3487,35.31819,-120.8266,406.5,59286,72077
3129,40.02488,-75.16408,100.9,33878,41188
5391,33.68363,-117.8243,384.3,70668,79413
6727,39.77366,-77.69404,199.5,67500,77795
3340,35.40381,-118.9631,183.4,57324,68754
7101,34.1174,-117.2912,98.9,25500,30084
5262,37.7216,-121.8563,866.3,156250,182484
2556,40.14437,-75.21053,310.9,89178,106525
4776,34.06658,-117.7825,284.6,55430,62300
3732,34.09811,-118.1841,400.6,71875,85687
1823,40.15841,-79.89041,36.5,19222,25122
6080,40.7688,-75.51869,230.4,72056,79504
6328,33.62926,-117.6806,451.5,72043,84033
3518,41.49193,-120.5451,130.4,32368,46161
4640,37.75106,-122.414,667.6,56446,83071
3200,32.74027,-117.0693,294.7,54375,68118
4778,40.22207,-76.29227,213.5,68514,74655
7124,36.84497,-119.8853,339.5,98472,120718
4462,33.93964,-118.0343,398.2,68581,68749
4605,38.47791,-121.3808,195.8,67311,68101
5257,37.64331,-120.9685,233.2,41919,57682
5174,38.36652,-122.6957,447.2,77125,93382
2942,40.07103,-79.14914,127.6,48352,60781
3165,32.6778,-117.0547,342.5,59457,72188
4365,40.52376,-79.99486,150.3,75492,85884
4747,34.02587,-118.1859,403.8,34980,41667
2879,37.52723,-122.304,912.8,112788,153388
4828,37.30286,-122.0102,930.6,143750,154539
5347,38.63929,-121.421,89.6,35708,40234
5305,36.80548,-119.7421,212.6,32461,46639
5481,38.63095,-121.3137,349.2,46917,92748
2294,40.3205,-79.39068,99.6,41109,51077
3962,40.68834,-80.13471,192.2,83016,95998
2817,38.54954,-121.7846,543.7,43125,63581
5185,40.59963,-75.53683,237,64510,102527
2568,40.59926,-79.56731,70,38169,43946
3957,33.68275,-117.902,575,70577,85326
3469,39.93285,-75.30706,161,59849,65178
6319,36.82796,-119.8813,233.8,70698,84123
2189,33.7829,-118.3041,495.7,78393,86252
5768,40.6096,-75.36597,108.2,31481,35704
2803,32.56141,-117.0308,432.4,67132,72241
5035,34.6854,-120.4263,437.9,71667,98031
4333,39.73423,-121.8742,362.7,45714,65900
1934,41.37521,-79.29081,104.3,50000,61257
2968,36.59277,-121.8834,757.4,59508,81477
4555,37.44973,-121.8869,755.6,105139,116771
3883,34.11469,-117.608,330.7,93086,90851
8421,33.70747,-116.2099,208.2,32088,49094
5498,33.94784,-118.2034,331.4,42412,51049
3853,34.0949,-117.9209,336.6,59184,69321
5707,37.46592,-122.2328,708.1,80924,95146
3540,38.03555,-121.3272,203.3,62724,75740
3982,34.10202,-117.4467,244.9,43021,48698
3352,34.43258,-118.4282,422.9,91495,99106
4320,38.65021,-121.1757,385,114063,113778
3707,33.77461,-118.2697,324.4,30451,38180
4798,37.30492,-121.937,559.1,77050,100736
2605,38.73935,-121.2917,255.8,34375,44304
3735,40.47342,-80.07473,73.3,30481,42016
3026,37.34666,-121.9727,561.8,88611,95057
7072,33.59349,-117.6183,631.2,123182,142738
4998,38.109,-121.2643,253.7,57250,62649
3496,33.86944,-118.2001,322.1,56250,66548
4892,37.37985,-122.0566,560,92463,93730
2594,40.12057,-75.17054,317.2,87794,97694
9053,33.73567,-117.9084,341.9,54587,64344
2598,37.76642,-122.2087,202,43224,56806
3822,34.27775,-119.252,629,74662,85540
7864,38.42852,-121.4336,243.5,69485,75160
4478,38.71405,-121.2597,298.8,80495,81930
4191,33.95004,-118.3271,459.6,75446,85146
4105,33.66611,-117.8298,597,58320,67736
5620,33.93422,-118.2621,250.6,31962,42617
5420,33.97705,-118.1962,366.9,39364,47094
3937,40.2878,-75.23258,368.6,93750,109961
4622,34.45341,-118.5167,457.2,114159,122399
14837,32.63199,-116.9489,421.4,91768,103813
3006,39.9089,-75.30088,152.4,61447,68678
5414,40.80339,-75.61173,115.4,44183,48142
6016,38.34016,-121.9777,195.4,51645,66186
3137,37.80077,-122.2378,462.3,41820,53145
3036,39.86602,-75.38671,200.8,57688,72590
3764,39.97582,-75.17154,117.9,14985,27869
4489,32.71134,-116.9901,305.3,59022,85028
7030,39.75652,-121.8738,337.3,63385,79283
2678,33.89871,-117.7697,823.9,166083,194264
5331,40.53125,-76.04124,145.1,57813,64702
6210,40.20839,-74.78895,237.6,53464,68559
6908,34.17326,-118.2894,466.7,42576,49965
5476,36.31737,-119.7094,193.8,46362,57868
7191,34.28114,-119.1879,552.8,85417,107724
5677,34.26779,-119.1707,470.1,78630,87608
3357,40.16012,-75.22045,305.5,63909,85721
4396,37.86702,-122.2771,576.2,75030,89394
4213,33.95523,-118.0269,384.4,73935,83141
2436,41.89494,-80.31294,114.3,51289,58661
1597,40.42357,-80.06785,92.8,40489,48748
4715,40.0162,-75.06777,87,23777,32767
1713,40.09409,-75.91035,220.7,75000,78257
3947,34.25348,-118.5738,521.8,93250,118500
4801,39.72812,-121.8349,295.1,28513,36590
3973,39.96367,-75.5638,364.3,88324,83580
3820,40.30562,-76.59234,163.1,48047,56012
7449,35.33136,-119.029,153.5,35513,45685
5681,40.01471,-76.60568,151.1,58906,69780
4847,33.83543,-117.8785,497.6,56198,69804
4409,40.11534,-123.9171,348.4,40435,46764
3631,37.64396,-120.9346,183.4,49593,63116
5095,33.97031,-117.3543,277.4,40712,50089
4374,33.78157,-118.0785,680.6,86563,118001
3179,39.79451,-77.03365,259.6,70903,72287
5747,33.83828,-118.102,474.7,82596,92432
4662,34.01944,-118.2493,298.2,33537,41764
4357,37.76173,-122.2507,571.1,54455,70596
4291,38.58518,-121.4059,147.2,39195,44360
3669,32.75216,-117.1624,434.5,57846,73343
4747,32.98979,-117.0881,511.7,85727,100905
6342,33.88581,-118.1738,172.5,35065,47161
7304,36.70589,-121.6135,368.1,87738,100664
3437,37.93865,-122.0876,692.3,110313,121737
2938,34.19553,-118.4799,400,39330,49264
2917,37.51907,-121.9518,465.7,91932,92414
4192,36.75692,-119.6463,366.4,83949,112321
4557,34.35577,-117.629,321,80793,86186
4263,40.80079,-124.1546,306.8,28138,36970
3874,35.29282,-120.659,652.8,16946,31711
6693,32.54814,-117.0481,326.1,44764,58056
4796,33.00333,-117.0752,469.7,86932,102361
3080,34.08722,-117.726,393.8,34005,47573
4523,33.94254,-117.9629,542.1,71563,102612
4024,36.69085,-121.7916,516.4,49042,64714
4670,39.90673,-76.1522,207.6,54844,65798
4971,40.02304,-75.06337,113.3,40536,47251
3412,40.74824,-80.28339,127.2,51339,56712
2453,40.32714,-76.408,139.1,56202,67561
4318,35.15703,-119.4574,109,25714,39523
5007,33.1521,-115.5161,104,30216,48290
5700,38.46216,-121.3776,246.3,77375,80951
8211,40.08956,-76.32228,214.5,68722,82989
5318,34.68261,-118.1752,279.6,68065,82409
5131,38.48693,-121.5206,341.8,56172,64696
3560,38.7396,-121.2629,281.5,42194,65697
7411,40.42283,-75.34362,287.9,86224,91457
3493,39.94717,-75.28614,211.8,62358,74843
4694,36.73214,-119.7279,154.9,18549,32924
5370,33.80809,-118.2142,338.3,58641,73263
3843,37.88354,-122.0335,885.3,120250,181284
2757,34.40624,-119.7129,937.5,81250,113073
4158,42.13003,-80.02671,78.4,37857,49014
3334,32.80485,-117.255,805.5,77470,91348
5370,36.96907,-122.0543,735.7,88155,103070
6778,33.04017,-116.8576,407.6,71331,90597
3990,39.93589,-75.22185,54.8,30721,46219
4127,41.04959,-80.20362,132.4,54966,63891
3085,39.93774,-80.03506,83.8,44145,55432
2403,39.11847,-121.6289,238.6,51611,75201
7630,37.77907,-122.4107,541.7,23330,49851
2396,37.95401,-121.2989,209.7,20951,30722
4775,33.9839,-118.434,683,99583,119672
5350,33.93277,-118.2346,226.5,24150,36816
5069,33.83077,-117.8255,705.7,96648,124619
4922,34.21472,-118.5672,462.4,64857,77205
616,40.45655,-79.97887,280.9,63864,106317
4321,41.80255,-75.56034,175.3,47750,60745
2845,40.14699,-75.09744,340.7,79333,105234
4551,32.67268,-117.0647,302.2,48942,60802
3616,40.41954,-120.6358,169.5,60203,64429
2577,34.28273,-119.2714,871.8,105250,127495
5212,36.78291,-119.8361,149,28245,35610
3480,36.8316,-119.8693,276.3,66667,72511
2011,41.1553,-79.07938,77.2,42273,45642
5389,37.52064,-121.9994,616.2,129083,138492
7093,40.49598,-78.01376,130.4,37571,46583
6717,34.58376,-117.4166,130.4,22330,33361
5675,38.48738,-121.4461,189.3,49231,55103
3473,37.64536,-122.1004,356.1,68092,80765
1465,40.46642,-79.94135,56.8,26324,37623
3641,40.40402,-80.08086,121.9,32806,52453
4935,33.95666,-117.9989,913.8,134669,169904
4532,38.50644,-121.6473,712.9,90673,127621
3520,32.70755,-117.0161,277.6,61250,68304
6153,40.1343,-75.36506,213.6,62572,73576
1265,41.57426,-120.1591,180.2,29500,42245
2617,37.75128,-122.4104,651.5,73821,76590
2594,34.094,-118.3246,697.1,23214,36780
3449,37.3109,-121.8536,141.5,28800,50642
7749,34.15749,-117.2841,233.1,58353,68415
7140,32.70771,-117.1512,414.2,30103,50859
10546,37.00926,-120.0413,230.2,51262,73056
4464,34.07676,-118.0704,439.9,63400,67109
3404,37.96046,-122.352,286.9,46328,49736
3838,37.82002,-121.9852,903,119856,139822
3276,32.95924,-117.1225,424.5,94815,94877
5171,33.68872,-117.1932,218.9,75625,80030
4699,40.17812,-122.0601,214,40199,58826
2916,38.52457,-121.4883,215.6,56111,62519
5007,36.90332,-121.3824,731.6,77375,98087
3317,33.93558,-118.3047,336.3,53167,58614
5937,32.76377,-115.5585,233,87647,93602
5004,33.92785,-118.0413,393.4,74799,82266
2661,35.37675,-119.1199,221.5,67604,79135
4278,37.34151,-121.8582,335.6,53165,63124
4828,34.05359,-117.2694,107,36857,49979
4130,40.18951,-75.08406,276,29209,41835
3228,34.10074,-118.32,467.3,37732,54243
4780,40.62694,-75.37912,137.5,48711,55713
2279,37.94992,-121.2727,119,36165,41106
6031,38.69625,-120.8255,284.4,45229,54260
3536,37.74676,-122.1665,362.2,32829,43247
4119,37.66493,-122.4326,639.1,71929,96348
4917,35.50482,-119.274,214.8,50856,62625
5366,37.77982,-122.4298,490.9,20274,38492
3192,33.26809,-116.689,252.2,41143,55083
2047,40.42191,-80.00978,66.6,31734,37350
3433,34.27576,-118.7361,424.9,83347,94710
6343,37.97818,-121.776,326.7,98998,107344
3818,34.15538,-118.0892,615.2,72781,96115
3893,40.37692,-75.29491,262,56067,70364
3624,34.10045,-118.0958,359,49191,72226
5590,33.6514,-117.6269,593.7,94856,102913
4621,40.60397,-75.47889,91.2,21456,31309
3689,37.76489,-122.4394,957.9,105185,145529
4559,38.25334,-122.0581,229.2,48870,55285
10960,34.51699,-117.338,144.6,34808,39852
5473,34.25338,-118.5901,358.4,58563,74030
8668,34.26438,-119.2204,338.7,63438,76207
1741,40.34081,-75.93555,36.9,25000,35890
5042,33.91843,-118.2532,255.4,37740,55380
3821,32.78594,-115.5844,273.1,102566,114356
1937,40.08059,-75.33622,292,84583,115830
4321,40.08033,-75.30015,252.7,64443,75976
5016,33.98578,-118.0373,629.9,55398,63150
3303,38.03126,-121.3165,167.1,44375,52520
3954,37.27122,-121.9782,781.8,99228,125894
6800,32.57747,-117.1249,397.4,54068,66130
2601,33.8628,-118.2989,462.2,56554,76607
4393,40.21538,-77.00957,142.8,43317,48665
5061,33.81105,-117.9551,379.3,81100,90977
1926,40.40716,-79.94227,70.5,30469,47150
7329,38.66406,-121.7884,401.7,86594,114072
6109,34.23025,-118.5867,366.6,44779,53520
2828,34.26407,-118.568,803.9,108571,160165
3520,36.73926,-119.7625,196.2,36595,49901
7750,36.58644,-119.6211,208.6,51770,60736
5092,37.64023,-122.4515,744.7,100991,113692
2995,38.34756,-120.7437,381.6,58309,65825
6090,39.33215,-120.1784,434.1,54280,66302
4750,34.16932,-118.3676,515.2,41328,53761
2904,40.43507,-76.08133,200.5,66680,74987
5101,37.32247,-121.84,436.9,69167,77510
7762,33.82395,-118.0145,498.8,52191,69543
4554,40.10367,-75.34301,209.6,44706,62741
5083,37.77417,-122.4473,832,77955,106438
4193,34.21722,-118.5784,407.6,58649,67971
3594,36.75819,-119.804,222.2,31976,43535
3142,38.27007,-122.0067,248.7,62847,76077
3842,38.6183,-121.4726,144.4,30563,45617
5859,33.12072,-117.0695,384.2,56875,73212
4638,32.76553,-117.0739,474.3,59916,76819
3053,33.77077,-118.0298,410.5,57750,67195
2031,40.22772,-76.91649,134.8,49514,52994
4279,41.02064,-80.06071,153.6,45660,62262
2250,40.06971,-75.02784,195.6,32404,40091
5467,36.82124,-119.7066,173.4,35927,49133
3272,40.77573,-80.32579,81.5,33631,41263
4435,33.85755,-118.1615,118.8,32431,36716
2376,34.06916,-118.2521,739.9,44423,55458
2717,34.17425,-118.5806,616.4,115099,122599
4960,38.86539,-121.3103,333.7,108305,105730
4529,40.62073,-75.51558,201.8,62955,70588
5500,39.98305,-77.14709,177,52639,60701
3483,33.81545,-118.2116,315.5,69423,74119
4002,34.68131,-118.1083,192.9,50231,58727
2772,38.24641,-121.3156,181,46897,70270
3573,40.86142,-79.90439,67.5,26461,37866
5778,34.18608,-119.1832,346.6,46667,51768
4798,37.38701,-122.0435,484.3,105938,116268
3924,33.64754,-117.966,837.5,129063,142210
8233,39.86162,-76.71269,220.2,71203,88936
4543,39.95761,-75.5977,225.3,32436,39111
2248,33.93636,-117.5701,450,99583,120403
6916,37.31318,-121.8223,297.5,39477,53584
3235,34.11572,-118.2584,516.6,63523,71104
4042,32.83119,-117.1862,423.7,68426,79898
5404,34.29765,-118.4509,329.4,56806,65451
10232,34.52729,-117.4167,126.3,58667,55674
2145,40.54386,-79.78355,88.7,51732,57922
7186,40.80321,-75.74217,176.9,52714,60919
1944,40.89008,-78.69244,73,34784,42497
2618,37.66665,-122.0435,649.5,122778,145725
4085,34.04763,-117.7357,285.6,39846,48371
3486,41.83811,-79.1298,68.8,31838,41962
6947,34.18491,-118.2237,638.1,76536,94913
3618,32.7381,-117.0403,358,48828,62403
3757,40.03571,-76.30062,79.1,18908,29338
3819,33.92674,-118.2963,442.9,34250,46629
5003,37.72622,-120.9277,171.8,45905,52016
5857,37.92396,-122.0686,555.8,78542,100777
3060,39.85967,-121.5839,168.5,42939,53361
4615,37.3343,-121.9849,743.2,96083,114009
7446,36.26125,-119.887,625,42225,53480
7257,35.3303,-119.0997,311.2,63346,94900
4360,34.0624,-118.2624,561.5,31382,48564
5592,37.95334,-121.2604,159.2,26233,35509
5446,34.1853,-118.5434,452.3,63240,75360
2950,33.79162,-118.2982,213.6,35610,46156
4106,33.1052,-117.3163,696.8,86250,136169
4638,34.19523,-118.4163,403.6,29255,48263
6942,32.8613,-116.8569,424.3,66364,83104
4334,34.3208,-118.4078,337,83647,89679
8558,41.38741,-75.51694,193.8,61413,80197
5414,33.76315,-118.1486,653.2,60977,82647
6626,32.80853,-117.1604,376.8,52898,68619
5589,38.75113,-121.1964,580.2,103750,144832
4652,36.20005,-119.3571,134.4,34896,41368
5327,38.42174,-122.8814,708.6,78272,90745
2742,40.62194,-79.73318,89.3,47270,61916
3584,34.12695,-117.6768,522,106250,119532
2822,33.97734,-118.2408,312.9,44000,57145
3353,40.01085,-75.15455,72.7,31425,37215
884,40.46436,-79.99027,40.1,32500,46081
2719,37.37911,-122.0819,977.1,109432,142053
5799,33.86429,-117.5923,335.1,70335,84355
3529,37.53489,-122.3115,901.5,133438,146671
3972,33.93077,-117.9333,349.4,53191,64565
3827,40.04572,-75.15436,90.3,28984,31336
6499,37.54202,-122.0456,463.4,81047,89359
3694,33.03092,-117.0331,826.3,130625,181941
3853,36.84314,-119.8408,579.3,127533,178587
4223,38.07394,-122.2044,393.3,106541,116800
4447,33.16381,-117.3121,561.7,98631,117249
8895,36.71165,-119.5683,185.5,54361,60112
2363,39.96891,-76.71587,76.3,29688,35431
4105,33.91253,-118.095,339.6,76085,87093
5984,33.15085,-117.1103,372.6,61714,73430
2481,34.05076,-118.2938,523.8,21338,29414
5451,42.03023,-80.23667,148.3,64816,81929
7308,35.59327,-119.3462,165.6,44309,53557
6861,33.82551,-117.9893,439.3,59148,65161
3726,33.82018,-117.1165,310.9,75509,75740
3414,37.75568,-122.186,222.5,21216,29070
6306,40.12062,-76.74161,123,52323,60755
3887,33.996,-118.4205,593.6,46734,63111
5494,39.97371,-75.23369,67.5,24548,32572
6085,37.96162,-122.0747,583.1,98479,114884
3586,33.93346,-117.9426,378.8,67717,67409
3001,41.44939,-75.65767,92.7,35966,46772
4255,32.70491,-117.1156,275.9,31560,34904
4307,40.35968,-75.30845,206.7,59361,66695
10482,32.87481,-117.233,426.8,42348,47001
2812,34.23096,-118.4475,429.7,33500,44989
6824,40.22475,-77.39055,155.8,53715,60841
2648,38.69705,-121.0945,676.4,137100,160062
6445,34.11425,-117.8946,345.6,70952,71525
8235,36.34848,-119.2968,136.7,38781,48425
5989,40.34757,-79.81671,96.5,50510,61795
6663,34.00536,-118.1076,337.5,38666,55648
3098,32.76353,-117.1328,313.3,44075,59941
3191,33.74219,-118.3144,532.5,94096,100198
2176,40.43789,-79.89134,155.4,50017,56747
4715,32.81184,-117.0406,458.5,82372,90843
3464,34.09119,-118.155,524.1,77633,88693
2076,34.05808,-117.9007,523.5,105625,101927
2587,37.81137,-122.2583,343.6,60278,68211
4013,41.60684,-75.63756,215.1,64712,73148
6578,33.84383,-117.8975,377.8,57913,62954
4741,37.34734,-121.8537,381.4,43854,50539
5233,41.90238,-76.39974,126.1,43883,55314
2061,39.97618,-75.17699,79.3,23177,33083
6102,37.66067,-120.9482,289.3,64665,79485
3152,38.32361,-122.3203,560.2,69375,87062
7741,39.81656,-76.08883,278.8,59656,69826
4427,41.00239,-78.46558,96,36011,51809
3074,33.93726,-118.2716,271.6,27381,40562
6958,33.15856,-117.3437,530.1,42097,55439
7002,39.97946,-75.12363,154.8,43886,56234
5087,34.00024,-117.9587,367.4,57650,76377
3308,33.65224,-117.8322,538.6,39482,68211
5840,41.24494,-80.27057,127.1,46637,58544
1261,34.71408,-117.9704,207.4,36445,46903
5601,37.92631,-122.5042,741.1,84320,116424
3510,40.4961,-77.9333,104.4,43953,53792
1887,42.11315,-80.08044,49.8,14684,20769
5962,33.73731,-117.9038,256.7,43778,50665
3140,39.49677,-121.5438,66.5,24462,32747
1947,40.03079,-76.50266,92.8,34457,41389
4673,40.03568,-75.07741,134.5,40132,46019
3851,34.24165,-118.4898,441.2,80536,86018
2866,40.57812,-80.05738,167.6,61281,109669
1918,40.03522,-75.34069,413.2,111563,122002
5749,33.76515,-118.0119,464.9,54348,66886
3836,37.74526,-122.4376,854.4,88591,127403
5863,37.0287,-122.0315,722,92819,128811
3218,37.77133,-122.4296,806.3,77611,105222
4375,34.6814,-118.1554,157.9,33346,46100
4450,32.73588,-117.0974,317.4,39266,42699
4875,33.76306,-118.3033,476,91406,102189
4197,37.53303,-122.2977,820.5,71682,91667
3978,33.98264,-118.0466,388.1,51667,62591
2879,38.88455,-121.147,435.5,68194,87684
2467,40.29307,-78.8717,103.7,43711,56765
3068,32.77442,-117.0813,614.8,22422,65990
4481,38.48996,-121.3857,117.2,46287,51732
3688,34.01454,-118.298,300,31337,37107
3054,38.04007,-121.3557,234,94025,101638
4032,37.96055,-122.0459,311.2,66750,74747
3744,33.72101,-116.228,218.1,25133,35510
6506,34.70493,-120.4674,375.4,78480,88221
4271,33.92371,-118.2339,312.2,33381,42116
6627,33.73699,-117.8801,329,47308,60380
4329,38.56777,-121.4585,509.3,76250,112278
4361,34.0796,-118.1134,481.1,56483,70162
4889,35.40998,-119.1,315.7,95000,108965
7828,33.83998,-118.1336,627.1,76979,98529
1196,33.93682,-116.6752,150.6,40338,46445
3979,39.87415,-80.16214,72,46541,55388
3322,34.01907,-117.8566,588.5,89524,98762
5395,36.84316,-121.3777,381.7,83000,88173
2499,34.44972,-119.9277,966.2,97788,117973
1686,39.29813,-120.1618,650.1,111480,169322
3883,40.15606,-76.30842,165.1,47373,62205
6318,39.9259,-76.70557,194,53625,71777
2009,40.31071,-78.90924,42.1,23115,28606
7184,36.06216,-118.9982,129.1,37553,47837
3823,41.93432,-77.50222,79.7,37054,46439
2719,34.23727,-118.4461,283.1,39911,55129
2103,40.85301,-79.92411,114.8,48269,57971
9397,37.59957,-120.9282,273.1,69798,81212
4506,39.99512,-76.70054,167.2,64386,75372
4751,34.26337,-118.3076,402.3,79457,82678
4670,37.26066,-121.8643,555.2,83835,93824
2987,40.913,-79.82659,130.9,55417,66092
3802,34.08568,-118.1202,523.6,41618,61832
7527,33.89529,-118.3573,366.6,55446,63957
2165,39.84658,-75.37528,57.5,32861,39220
4238,39.96526,-75.24331,82.6,26940,35227
4108,37.36178,-121.8456,293.2,51408,61752
2604,40.1805,-75.67231,294.9,94010,105670
3349,33.99068,-118.4392,717.4,102500,141095
3965,40.34864,-76.42495,86.5,30011,35110
6537,35.36158,-118.9875,109.4,19086,23926
2149,39.86461,-75.88772,319.7,96719,98050
2228,41.5771,-75.50917,90.6,33292,40653
4165,34.64395,-120.4477,231.3,41128,46121
4016,37.5934,-122.0651,504.2,99761,100812
6101,32.79739,-117.0133,413.7,57760,70180
3803,40.24822,-79.71313,102.5,46575,59141
2733,36.33314,-119.3577,252.6,80439,98688
7006,37.14964,-121.6251,811.8,129583,147609
1822,40.3973,-79.84032,47.7,24929,37032
7553,40.27143,-75.74127,244.3,77824,88433
3402,40.02284,-75.23761,447.3,117865,164862
7381,36.71945,-119.6914,277.2,68155,74184
2686,40.565,-79.74259,84.9,35208,47518
7556,34.97163,-120.4449,246.1,53566,64534
4356,33.86033,-117.9373,395.9,68611,77477
5338,33.75445,-117.1655,252.6,58075,66791
7023,33.96082,-117.0455,279.5,91857,103326
4444,33.71883,-118.0462,358.5,66791,76047
15473,33.71641,-117.7775,735.4,89934,113386
2852,39.82268,-121.6017,184.7,37537,43646
3288,33.87731,-117.5256,171.2,43750,50359
2603,39.94514,-75.15156,560.1,112679,164197
3372,33.96915,-118.2624,288.3,29610,34271
1593,37.88842,-122.2707,896.7,132258,175767
2792,41.2573,-76.8728,167.2,58955,75136
4773,32.60346,-117.0402,341.4,62589,70171
4386,40.56995,-124.135,278.9,49671,59156
4594,37.68021,-122.1174,361.5,72688,79366
3204,39.97249,-76.68579,163,65094,77480
6045,38.98014,-122.85,248.8,43537,56548
1699,40.97591,-80.37564,42.3,35114,41453
3105,34.18903,-116.3883,137.7,38810,55137
4994,38.22704,-122.6493,612.3,72739,91067
5268,37.72409,-121.3094,154,53548,63410
5020,37.93429,-121.2792,135.8,27500,38491
4153,33.89149,-118.3483,452.4,33718,52552
5753,34.00937,-117.6629,441.9,85661,95409
1361,40.42132,-79.90298,109.5,70272,64067
4553,40.24383,-76.89687,132,49081,56510
3967,34.11623,-118.176,536.3,55368,59967
3148,39.75013,-77.04889,251.7,70541,81682
1487,41.29093,-75.79241,178.8,69750,84441
3119,34.00181,-118.2982,312,28728,38520
2595,40.82482,-79.91146,165.2,61466,73589
6197,33.8152,-118.1958,448.4,72917,85802
5767,34.23478,-119.0813,835,125841,153868
3861,40.09749,-75.15704,264.7,85147,106961
5408,40.06729,-75.98409,262.6,65741,84495
3129,37.21473,-121.8582,889.9,106686,134582
4951,34.11556,-117.2504,237.2,35716,40103
2897,40.28452,-75.39958,316.4,91990,112227
6065,32.72626,-117.0933,302,47500,56007
3153,34.07623,-118.0827,504.1,61250,66446
7922,32.65709,-116.9582,473.7,95216,120337
3329,41.95181,-78.64897,32.2,23558,30498
3406,38.55276,-121.7722,606.6,80568,95087
3624,35.24726,-120.6329,640.5,96705,104072
3230,34.42269,-119.7461,921.7,76875,136804
4624,38.61612,-121.3742,278.4,39889,58046
2498,34.11797,-117.9036,327.8,54432,64083
4235,34.29494,-119.1614,438.7,59028,82313
5947,33.99151,-117.901,345.1,48085,59813
4806,37.22372,-121.8469,968.1,103250,140336
5822,37.34805,-121.9012,499.1,72208,93850
3111,40.35271,-79.64705,175.4,59598,76409
8756,37.77095,-120.8375,235.4,56517,65200
2925,40.17302,-75.38427,343.4,81098,112316
6679,37.6434,-122.4333,644.3,63977,81807
3087,38.09525,-122.2241,226.9,59080,62781
3128,38.09296,-122.2026,281.5,74327,97425
3690,33.58286,-117.7181,438.3,90956,102892
3986,33.93805,-118.3145,375.3,46317,55816
2461,40.16484,-80.23537,102.8,41544,55082
5652,41.32626,-75.82186,112.9,48400,56985
3358,37.96929,-122.0206,419.2,75435,83145
3979,34.1287,-117.9135,350.3,58125,68492
7353,37.77419,-121.9476,644.7,120444,145229
3457,40.03937,-75.12837,101.9,23345,31959
1872,40.14617,-74.81852,221.7,48750,56592
6495,33.51553,-117.1447,302.2,58037,71811
2684,37.8047,-122.2133,648.9,88833,88446
3012,38.71164,-121.3919,222.2,63682,77319
3988,37.22115,-121.8567,872.8,136563,146805
3287,33.45154,-117.6523,548.9,79569,103830
4182,37.92932,-121.7088,235.4,62608,82988
4169,39.7247,-121.8208,208.6,31660,39838
4369,40.36567,-79.60867,162.4,57193,68422
4275,39.50862,-121.5596,170.5,25293,32383
4183,40.59752,-75.50247,160.8,37321,49260
5544,38.71494,-120.6007,306.6,62320,84635
2951,40.40558,-75.50684,176.3,65581,75279
1916,40.45515,-122.2766,228.1,34167,45237
3507,32.72449,-117.032,298.1,54508,65969
8264,35.12324,-118.4481,175.9,46135,55119
5185,41.06693,-80.30913,141.8,50347,60579
3941,33.14892,-117.1433,349.2,48273,70585
4976,40.48869,-124.0937,238.2,40324,65762
3386,36.79518,-119.6568,342.5,94022,93507
9580,39.93423,-76.65226,196.5,52871,76893
5202,41.02146,-76.49181,159.4,62721,73653
3218,40.34627,-78.94658,46.3,27455,33844
1785,40.4608,-79.93418,168.1,24738,33850
8470,33.8253,-117.9486,414.2,60967,72784
3722,41.08776,-79.28931,95.3,45585,55115
5020,34.15724,-119.1525,274,49318,61157
3201,38.02117,-121.3558,141.4,37094,49876
4044,37.71346,-122.4113,499.2,49821,68222
3272,37.9989,-121.1744,427.1,43369,57465
3841,37.58496,-122.0683,390,86818,100871
9131,33.24755,-116.9963,513.5,84182,118548
7055,33.90607,-118.1209,397.2,67625,79774
3117,33.80411,-118.1296,527.9,93796,112106
4254,33.43064,-117.621,781.3,56142,69351
9137,33.78379,-117.9023,416.5,51897,62667
5322,33.99846,-117.9705,463,76875,83676
4330,33.84417,-117.876,547.5,50284,62840
3229,40.21121,-75.2751,247.1,54362,71135
5482,35.30358,-119.0263,149.6,40967,48877
4878,34.13659,-118.3807,965.5,106837,134011
1111,39.8995,-75.24547,170.3,34879,46082
4085,38.68986,-121.1864,475.4,80682,109602
2725,32.72274,-117.1684,415.7,62317,78327
4100,40.17731,-76.30641,202.9,66211,74353
3804,34.0522,-117.9842,350.5,64931,75365
5029,36.50846,-121.4455,328.7,44387,53781
5397,37.33374,-122.0493,895.5,92625,118812
3970,40.35568,-75.94995,118.5,22862,31970
2722,36.19378,-120.0941,141.1,43116,42476
2363,34.04613,-118.2148,410,26944,40698
7124,40.02857,-75.12818,85,31413,36733
3549,34.19106,-118.4839,559.8,41673,60112
3154,38.55937,-121.3958,324.9,63750,72366
6915,32.81325,-116.9442,397.3,47550,54145
2883,33.85988,-118.3882,881,110116,142275
5677,39.95599,-77.70234,180.5,50455,58835
4895,34.2834,-118.579,832.5,120294,156761
6126,40.22696,-77.18255,152.5,55851,72115
4686,37.89023,-122.1047,926.9,111947,130644
2968,34.04734,-118.2781,433.3,27370,38113
5885,37.78752,-122.2033,306.8,37851,52790
9317,33.98201,-117.563,378.5,95074,146213
5318,32.79911,-117.2032,637.6,76750,102629
4979,33.7343,-117.9823,559.9,77368,98497
2728,37.77751,-122.4563,972.7,77214,109381
5850,34.02645,-118.4178,839.6,80306,89395
5632,34.18522,-119.2012,390.4,74375,84775
3005,38.56906,-121.4759,569,41816,51345
2409,40.69031,-75.21123,164.5,24082,40103
5760,33.61254,-117.5812,980,162596,215768
4392,33.71972,-117.8603,365.5,54167,63819
3190,36.32071,-121.2559,264.9,51861,62932
3106,34.03449,-117.1885,417.8,110644,130662
4340,33.91301,-116.8057,162.2,37721,75739
3591,33.82532,-117.909,331.4,43864,52280
5880,33.6448,-116.1643,76.3,33253,43603
5033,33.68621,-117.2529,379.4,72895,92072
3118,38.66898,-121.7522,314.7,62266,70519
4019,36.60777,-119.516,160.5,43487,59160
4883,33.8622,-118.0548,643.4,92298,103383
4749,36.76877,-119.7639,149.2,34180,37893
4367,33.89449,-118.3131,395.2,58606,69182
5259,34.16253,-118.1372,608.9,43621,63093
3536,37.77922,-122.5035,763.3,82846,107593
4136,32.80357,-117.0994,634.1,71411,82893
5466,34.19064,-118.3049,653.4,66231,78745
4116,32.70401,-116.9996,322.4,75375,81913
2372,40.70542,-76.27031,69.1,39906,48336
3294,34.04769,-118.0507,362.8,65304,57018
3412,33.76572,-117.8734,764.4,83750,115368
5928,33.8371,-118.3214,560.8,55588,70460
5697,39.90818,-75.26993,124.3,50771,57122
4112,41.42825,-75.98872,130.3,43653,56621
3916,33.87203,-118.1474,103.4,50851,51529
7857,34.00026,-117.4212,171,37328,55230
6309,37.99576,-122.034,355.8,61324,72940
4798,34.02239,-118.3227,363.2,46213,58694
1316,40.17095,-77.40096,126.3,42381,45194
4609,39.97336,-75.57698,297.7,64429,79155
7243,37.28267,-120.4866,143.2,33056,40420
5513,34.14381,-117.3924,249.6,82731,81211
4480,41.57211,-75.25654,141.2,32782,43632
3910,33.7474,-118.2937,407.7,40962,52514
6152,34.2644,-118.9001,659.3,131734,142649
4120,40.43176,-78.09836,155.2,51076,61771
4368,37.58477,-120.9595,115.4,28083,34626
4732,36.71092,-121.6634,296.9,52469,63018
2458,32.57958,-117.1069,368.8,40048,45724
4541,34.02471,-118.3857,799.3,78514,95980
2993,41.48791,-120.6003,221.8,37167,54057
1530,41.34134,-74.81763,272.2,76477,91088
4346,37.39331,-122.0623,667.9,146635,155719
4941,34.47757,-117.3717,182.6,65313,82398
7314,33.92473,-118.3686,547.2,66661,76470
5317,34.90381,-120.4602,340.9,63114,77689
7072,41.55532,-75.41383,171.4,47813,55643
5706,40.23218,-75.2127,385.2,74231,120044
4182,40.21831,-75.4673,328.3,106250,116574
4780,40.24,-75.351,283.9,101719,115314
2769,40.29143,-79.88357,44.1,25130,35102
2780,34.04052,-118.0428,362.2,71090,78150
5003,33.20453,-117.3413,387.3,46734,60556
5073,40.56747,-122.3352,191.1,43872,45913
5551,41.12735,-76.52125,141.6,44403,60334
4359,34.05344,-118.3944,865.8,73705,108755
4902,33.96257,-118.2632,352.5,30568,37937
3975,41.00863,-80.34314,62.2,29981,39034
5992,32.70582,-117.0231,336.5,65114,67800
4817,34.47863,-117.3561,181.8,51210,69987
4541,34.2041,-118.5582,368.8,53482,66239
3974,37.78102,-122.4178,386.3,21707,38027
4226,32.71663,-117.0762,287.7,38413,48783
4390,40.06261,-75.00457,206.3,59031,69222
3288,33.77714,-118.157,531.7,33454,44727
3861,40.23431,-76.13704,163.4,63924,65027
2509,41.42536,-79.70976,47,22688,32507
4181,40.3281,-75.90691,55.9,31438,36816
4165,33.63139,-117.9137,867.4,93910,110001
6253,32.81403,-116.9561,98.5,40055,43444
3153,33.9692,-118.2855,196.9,20216,30610
7848,39.9179,-75.16017,129,35178,42184
8346,34.15606,-117.2555,255,55184,67716
4221,39.96241,-75.22419,61.2,22326,34154
4199,34.24591,-118.271,501.7,64009,91057
3196,41.32425,-75.78448,88.1,39805,55250
4958,37.3123,-121.9709,571,69485,85627
1932,38.00858,-122.2788,286.1,70990,83219
1152,33.82211,-118.2092,412.8,86645,105670
4443,40.34189,-75.87663,144.9,53112,62312
4044,40.82194,-79.52264,60.9,35616,44650
2449,40.12404,-75.51294,229.1,60655,70558
3705,33.98446,-118.2914,312.1,32813,41213
4415,40.21573,-75.0902,318.4,73475,81209
3395,34.18051,-118.904,473.1,77880,93329
5702,40.32146,-75.29145,329.7,67926,85621
3430,40.5174,-78.43615,150.2,59342,70681
2647,33.94326,-116.8914,236.9,70245,85843
4192,34.06416,-118.3045,218.3,28750,37199
2686,38.78726,-121.2608,237.5,61364,74887
3141,40.00989,-75.08522,55,20500,24590
3107,33.9923,-118.4523,939.2,72115,130305
5691,33.95607,-118.2865,348.4,27006,38612
1913,36.51442,-121.8967,769.1,93350,171448
7805,34.6541,-120.2157,519.5,77698,102983
3822,40.02745,-75.17917,172.2,33417,71527
6610,37.68529,-121.7792,408.3,69452,75466
7118,38.02361,-121.9435,275.3,35571,51284
3910,33.82165,-118.282,356.9,78693,86375
7379,34.86543,-118.16,131.1,32109,44676
2717,40.76405,-80.44123,148.9,57300,67291
2461,33.94171,-118.3223,424.3,65083,76543
5480,37.3639,-121.8155,516.7,68044,82957
10772,40.44732,-75.8887,196.3,63854,73645
2551,34.04544,-118.3085,394.1,29688,42744
2415,33.69014,-117.9311,575.5,75862,96054
4453,41.40592,-75.65343,120.8,25692,43955
3908,34.16232,-118.2993,568.4,54182,66011
7741,40.23541,-75.24934,307.2,83398,101548
4172,34.17072,-118.0496,775.6,95019,132477
4425,37.98541,-121.2983,181.3,35682,46885
3366,33.87799,-118.0806,424.2,66944,76905
4645,34.04962,-118.2879,705,38350,43806
4462,34.17775,-118.5548,598.5,104489,143972
3449,41.24003,-80.49873,61.7,37593,41121
6065,41.90082,-80.15072,167.5,71306,77941
5407,40.25401,-75.32829,249.7,72089,83377
4158,35.33574,-119.0493,168.1,37018,47279
6667,32.71476,-117.1625,643.4,30843,67254
4881,38.00538,-121.8003,266.1,50964,64523
6165,33.86921,-118.0798,452.5,52005,72102
4126,33.79171,-117.8544,487.9,52888,74239
2510,37.6668,-122.4647,291.6,71349,84232
7345,38.69126,-121.2491,309.8,74236,85432
6818,37.5611,-120.9242,137.5,35638,44104
2366,33.75253,-116.7154,367.2,57429,85870
3521,33.72366,-117.9671,637,93000,97451
3343,33.99247,-118.2704,281.9,32484,47079
6353,39.93841,-75.33877,344.3,98710,111720
4011,38.38583,-122.8273,659.3,79229,98536
6112,36.53492,-121.4557,324.8,71667,84705
4491,34.40672,-119.2998,441.8,65473,74531
3011,34.18367,-118.4354,503.4,44292,53870
6835,33.90976,-118.075,338,47835,54329
4776,34.05952,-118.0344,410.7,40278,44473
4572,39.71713,-121.8484,310,33417,59810
4962,39.98417,-75.1608,88.1,13843,25660
5078,40.34109,-75.6448,184.6,64018,76853
3917,38.08103,-122.2452,237.5,42857,60667
4049,34.10296,-117.8905,376.1,69464,91118
7639,34.04261,-117.4963,319.6,57210,73288
3876,34.02633,-117.5113,217.2,30877,40339
5364,39.35546,-123.785,582.2,62264,73129
4413,34.02566,-117.6184,364.1,83378,79618
6810,33.69419,-116.207,184.4,66343,62378
5417,34.09569,-117.4482,169.5,29721,31488
3583,33.66499,-117.9666,665.8,98438,105643
1509,37.69107,-121.7365,474.6,103382,106788
2038,41.19355,-76.00257,104.8,41607,49049
6127,40.24175,-75.51805,324.8,91646,94918
6200,36.51788,-119.2811,158.1,33304,39753
5265,36.76849,-119.7412,141,40255,42963
5396,33.96749,-118.3893,681.5,102679,122050
5906,32.57916,-117.0445,332.4,60602,70511
3074,40.51546,-75.55492,181.7,56048,66768
7387,33.93038,-117.4309,237.3,49219,63073
6740,34.15355,-118.6458,934,127426,217895
4105,41.75346,-122.4646,182.9,37328,46635
4382,36.34951,-119.6312,191.1,63563,72642
4300,37.99459,-121.8311,240.3,52578,62157
5552,40.89433,-79.74161,133.3,51648,61933
6765,37.7239,-121.4002,415.1,91620,112684
3415,40.39394,-79.96908,107.7,61636,74032
5428,34.07909,-117.9158,439.6,65417,76228
3895,33.76677,-117.8602,514.3,79667,102079
2519,41.23877,-75.86917,72,16698,28130
6097,37.92951,-122.3356,240.4,56653,70085
4493,34.26174,-118.4815,422.1,71875,86007
7217,34.54053,-117.9644,174.6,50907,60183
3192,40.67081,-75.49558,173.9,44245,54073
2633,40.21011,-79.76857,86.8,30200,43219
2508,38.18824,-121.4402,185.4,42375,60754
3749,34.12813,-118.2523,284,26118,44613
2726,40.31539,-75.19629,387.9,99583,108784
6964,37.91709,-122.324,269.8,37269,48275
5627,37.68533,-122.0821,376.6,46744,66106
4605,33.91648,-117.8941,463,60291,71838
4377,33.93989,-118.2619,306.3,24231,39053
4528,39.16014,-121.647,289.5,58074,79294
5565,37.39519,-122.0901,870.7,70498,86879
5978,41.87933,-78.67553,86.7,44000,59466
1708,40.49584,-80.13671,154.4,59625,74920
6264,32.72955,-117.1068,342.6,43563,60143
3180,40.89618,-78.21803,86.4,33281,50018
2522,40.48366,-79.93733,102.5,55474,64789
5449,40.3008,-78.95655,115.4,55590,64314
549,33.66201,-117.6995,622.6,120882,136647
7666,33.92455,-118.1382,453.8,61672,68796
2969,40.43286,-79.95705,99.4,25072,37586
4744,38.6666,-121.12,485.6,108611,131354
7315,34.03384,-117.9609,284.3,46875,56230
5486,40.15201,-76.29753,186.8,50530,66204
3878,41.80252,-80.14007,131.8,51744,61309
5460,34.40946,-118.5484,428.4,86548,98933
3086,38.48057,-121.5284,570.1,99260,129031
2814,34.0278,-118.3232,327.4,41122,49344
4564,33.93642,-118.2766,303.7,27049,35870
2777,33.86816,-118.2994,429.9,63532,78028
4140,40.15179,-75.05451,453,118531,162066
5180,32.75421,-117.0728,335.2,50038,63666
3775,42.09205,-80.10988,98.1,48158,51401
6940,37.61556,-120.9678,193.2,51250,67279
6484,39.88486,-75.34437,227.3,52125,63662
4667,33.7865,-118.1769,328,30394,42412
4256,33.16021,-117.2312,437.2,57781,69677
3217,37.63569,-122.0801,438.4,61865,67921
4626,40.43764,-75.3545,204.8,51512,60586
6144,34.14217,-118.2043,664.6,68864,87970
2647,34.08546,-118.3268,566.7,32865,42500
6764,34.68248,-118.1219,171.1,44063,63721
5882,36.73914,-119.7426,113.8,27646,33911
5820,33.75288,-117.8618,347,46400,53382
3447,34.18821,-118.4584,352.1,34970,46930
5099,37.26691,-121.8859,637.5,103009,108619
4474,34.11293,-117.8855,373.6,67028,84187
2798,38.10161,-122.258,225,14056,34557
5762,33.75606,-117.98,438.2,45101,61735
4259,41.4139,-75.62157,143.2,47091,62984
5381,34.05291,-117.8091,214.5,51760,53161
4958,34.08223,-117.3367,238,43942,62533
2702,33.89038,-118.007,446.3,87339,97884
3944,33.64013,-117.694,643.8,126989,138807
4095,41.64163,-80.15305,70.5,22986,29920
6695,37.99369,-122.0482,125.8,47750,58624
3122,37.76054,-122.402,896.8,141379,163719
4649,37.78494,-122.2306,416.3,29727,43231
1826,40.0418,-75.23497,275.7,38472,51303
2026,34.43497,-119.2285,769.5,59750,84179
4748,34.09405,-117.8466,449.3,85341,103523
6091,37.65686,-122.0789,317.1,49105,55274
4052,36.7862,-119.7963,198.1,33859,43319
6187,40.91402,-77.77098,168.8,51033,60088
4428,32.789,-117.1416,463.1,83472,87825
5300,40.06849,-74.98772,189.8,70305,69204
4414,40.58623,-80.2532,106.4,46250,57786
4946,32.69857,-117.1133,322,29286,37703
2511,40.68008,-78.24301,102.3,45500,56210
2667,40.77758,-78.02386,251.8,104444,115080
3138,34.17219,-118.3529,559.6,74524,86355
